vvimp+de 0.15948541125 0.0849410073779 0.221538726798 0.0742068842923 0.239150741019 0.0479173061964 -0.0864271382613 -0.0205209999803 0.0114998798168 -0.0366116283925 0.192728724315 0.0756424647468 -0.117792127446 -0.316949790961 -0.124360610351 0.193430372906 0.181613444141 -0.0192638995198 -0.0810211494164 -0.0804792449449 -0.133002994553 -0.116567317907 0.0519003968708 -0.0421059145307 0.0152781996761
vvpp+de 0.16539791531 -0.0660901787323 0.265942773084 0.194269019829 0.287655697828 0.0378281943453 -0.068840288347 0.0392369494498 -0.00892598762126 -0.039621197323 0.0775421936185 0.128190867786 -0.0602781521414 -0.398726058301 -0.100127697323 0.10878941507 0.178047815416 0.0423854471109 0.0434918858329 -0.0568288732785 -0.0332660884038 -0.0670787264802 0.0870883625725 -0.097845159538 0.0265280031056
conj+pl 0.147221757497 -0.0427690231552 0.052526829688 0.13782808368 0.160767185832 0.161411962269 0.114855545089 0.282947999259 0.192039891336 -0.0859732026012 -0.200605484152 0.115334120906 -0.0353799440001 -0.352480617435 -0.0330141593192 0.084800681479 -0.0623777591796 -0.227153364642 -0.0840581319176 0.0527569429774 -0.120701154977 -0.1451640009 -0.0844854468722 -0.0207148928104 0.139181724071
pis+de 0.103176969071 0.137045325 0.211739680095 -0.100861222339 0.27047208945 0.0691601025248 -0.0832219636407 -0.0333999483653 -0.0318738189328 0.00755956388229 0.151013971291 0.0251167656922 -0.126075687014 -0.23382109489 -0.0115635099069 0.245886506105 0.170726663199 0.110804143479 -0.0674155484477 -0.0747047920247 -0.00989272019568 -0.261620457717 -0.0585268542533 -0.0076159080983 0.0326205031353
pref+fr -0.00684834636153 0.0490954821294 0.0406835332623 0.0734455461659 0.0910594491572 0.057223685375 -0.0777091485373 0.21393272202 0.103217840093 -0.197264776641 -0.308992512609 0.0511649503495 0.208959923398 -0.171269678452 -0.10530705732 0.170456398892 0.0639627711346 -0.283145614159 -0.0331493803023 0.0654422538287 -0.146195990621 -0.043989955427 -0.105025442721 -0.0111186941087 0.419610912741
vminf+de 0.154136304881 0.0687897765071 0.294316019103 0.14129872487 0.304442967506 0.0978805499437 -0.0370678983096 -0.0456451692817 -0.0459691106783 -0.0334703386546 0.0713690394674 0.0916057187833 -0.0591456884301 -0.291454840531 -0.110554146056 0.144344578923 0.14786968517 -0.00360640066823 0.0119649497958 -0.0612528217977 -0.0884074389211 -0.117443573595 0.0980445279917 -0.0723063840632 0.0159087214053
pwat+de 0.182793587985 0.134634799196 0.271853479652 -0.0983844251505 0.182469569125 0.0701491590293 -0.101709465898 -0.0500920831083 -0.0569124558395 -0.0491352026714 0.153786694849 0.0351452429269 -0.111292362563 -0.235879952221 -0.116017108837 0.120975477822 0.155787136944 -0.0457562805945 -0.0654361536391 -0.141878847038 0.0151008528947 -0.141327322508 -0.0507050158763 -0.0389788438191 0.0442816536904
comp+pl 0.149360781936 0.0132327982729 -0.00742694170336 0.15664232543 0.129737904556 0.169968116271 0.0608463613992 0.154207108971 0.168818760112 -0.100798457607 -0.223407131227 0.0492672387707 -0.0403562646838 -0.309942864323 -0.00828023540523 0.108740462902 -0.0621527908389 -0.267117163553 0.0390715465487 0.104304318087 -0.0461567616525 -0.265828950987 -0.0998945198572 -0.123269926501 0.0768420090727
adv 0.107230906209 -0.0545305527457 0.0950155876746 0.258628006526 0.301614217732 -0.082575368974 -0.0988349697624 0.146045933674 0.123196584146 -0.202624153114 -0.114573377953 -0.0658853779815 0.245489447567 -0.418315153617 6.98575728326e-05 0.18780749792 0.179734689761 0.0159389870367 -0.0972979404483 0.148619251639 -0.0943383351115 -0.166125724098 -0.150574834226 0.0313682966424 0.156625083351
!+hu 0.145590201127 0.055644888727 0.0503670882559 -0.0119912620899 0.319808187668 0.167553108943 0.127736262498 0.167605398698 0.125515024175 0.0764857308148 0.108051263571 0.0724397476095 -0.119051861792 -0.223054949414 0.0821975134185 0.180090849065 -0.0756170876546 0.0155230159681 -0.182024239086 -0.0529274869119 -0.169891261111 -0.189682953967 0.0217510944423 0.0921916117486 -0.050337090655
xy+de 0.129137724057 0.162789571527 -0.0454710837421 0.0689280112982 0.184455211599 0.108181384656 -0.256154848823 -0.0732456088811 0.0623367266922 0.0876695160294 0.187394681535 -0.0161625986052 -0.137924845988 -0.0933452886388 -0.0895087214043 0.250597702835 0.150829726098 0.0163990254439 -0.0639168040028 0.0233304904471 -0.204295166377 -0.262906821353 0.132392845448 -0.016273478618 -0.0756364808905
adp 0.0775372423873 0.0152795823977 0.0525881690784 0.074802127046 0.19592570922 0.0250711073868 -0.0483222983558 0.180344086391 0.251036801751 -0.0797594267814 -0.132166955388 0.00456012821107 0.182054991067 -0.381846835822 -0.116848175383 0.243274154477 0.0678845791634 -0.193383526085 -0.18746710392 0.041055008909 -0.322299054702 0.0621542359518 -0.0928586204462 0.138447351713 0.0376723244037
winien+pl 0.104369964548 -0.0652320974464 0.156510125114 0.164946846843 0.305215536793 0.135445692912 0.147321690858 0.186509706418 0.107344410913 -0.111070628264 -0.091137134803 0.134270505372 -0.0191284580971 -0.41355553921 0.011385531165 0.124418413737 0.0260964491979 -0.105966374769 -0.0219729022441 -0.0233257730969 -0.0704607354958 -0.182466677722 -0.0170510805046 -0.0437245778622 0.121866213547
npp+fr 0.082763494398 0.042174601965 -0.116600420893 0.104626742528 0.150478905444 -0.20143292843 -0.0767726001016 0.153659980105 0.253976516711 -0.199846310732 -0.19230489346 -0.0358238862278 0.109876569294 -0.275135283259 0.0942249788486 0.42086263086 -0.00718899648578 -0.0252388614625 0.00426609984603 0.242791288838 -0.118028298424 -0.221593971586 -0.0279654714053 -0.0675182684547 0.327057745823
et+fr 0.126337638221 0.0665745566264 -0.274988713214 0.209553531789 0.169755482418 0.0174796902101 -0.165845018991 0.119904299251 0.235573173006 -0.115829701716 -0.0368093440032 -0.0874025516239 -0.0223081165741 -0.230946871761 0.0645001211508 0.286925593269 0.0388985106826 -0.106678718622 -0.0464302941246 0.204349772053 -0.114767583353 -0.469788480651 -0.00749933580346 -0.0979303973969 0.0639808975046
kn+sv 0.156464228152 -0.0595268834095 0.0648746665495 0.175613522076 0.0429353483197 0.0669584176796 -1.57472350995e-05 0.277145065926 0.187949750127 -0.196500137147 -0.128143565629 0.140339657968 -0.0460154027082 -0.429946051922 -0.124549504441 0.0535437152418 0.0565697137701 -0.256975625315 -0.0805198436774 0.0865229510251 -0.0756779477037 -0.121347259382 -0.107725025485 -0.082626931337 0.242150264388
vvfin+de 0.16052918583 -0.000445155886695 0.273362288828 0.188045978913 0.0886292128394 0.0463889073449 -0.125822635725 0.00238044888913 -0.00870320789806 -0.1313717277 0.0670037766164 0.0492047871753 -0.0832142619256 -0.331501851741 -0.225907183163 0.0101865386998 0.205796374377 -0.0505334871525 -0.0101472599116 -0.0739563474486 -0.0508313908932 -0.0821836281335 0.00577973162819 -0.132643427187 0.0659140913955
trunc+de 0.132899476253 0.155477461472 -0.051693334986 -0.0124291670261 0.131804519878 0.173208950426 -0.222307441741 -0.101213435122 0.0531188355579 0.00599876036373 0.132863944624 -0.0624808408685 -0.173404427231 -0.163015130749 -0.124896018839 0.188764987663 0.132854843167 -0.166628750485 -0.00739313338051 -0.100478554482 -0.0865934035612 -0.349706901624 0.000613591867557 -0.0664685645804 -0.128118838373
art+de 0.143063264395 -0.0220484214109 0.0627409391137 -0.183361317053 0.147807901121 -0.0357020350474 -0.000891001979213 0.144469016201 -0.00778701445388 -0.153074929572 0.282495215033 0.122021621837 -0.126014818841 -0.182937772693 -0.0159332767648 0.107040078714 0.0487460949892 -0.0598221988046 -0.177132907037 -0.145153457967 0.0435365312592 -0.0787734977795 0.0502934196272 0.0861515627308 0.157720091444
p+hu -0.0207820712068 0.00889217137099 0.12219614861 -0.0486013070391 0.28276787126 0.0784916774751 0.134594009058 -0.0290582315795 -0.00564034955783 0.0562458665397 -0.0370973262806 -0.00926698975739 -0.0167313127859 -0.183173469708 0.159469097749 0.15302409906 0.0125160223152 0.122998719872 0.0465955703359 -0.0105775125804 0.0685749465832 -0.211798884157 -0.136697220867 -0.00921813812608 -0.105603346636
imps+pl 0.0743286724543 -0.102447545689 0.0717274211063 0.209782764725 0.299848241805 0.13231342024 0.134028976533 0.224872343255 0.0958076358917 -0.141961856779 -0.170442784116 0.096609247252 0.00597905547789 -0.330475821159 0.00852040162314 0.121055414855 -0.0442894682029 -0.0777635118366 0.0211671183022 -0.0132533926656 -0.0667781212101 -0.205792656519 0.03724426052 -0.0744114224936 0.127807946393
adj -0.0697960530886 0.0697124868978 -0.0456054028908 0.0538302702626 0.108909091129 -0.059398634495 -0.0806902736351 0.108437885559 0.167191559081 -0.265296911764 -0.107276167822 -0.0082497476964 0.103909255852 -0.278268681045 -0.0712491226863 0.319807886987 0.100201599772 -0.185311765284 -0.0278883364842 0.0132115212298 -0.242784848071 -0.184479878104 -0.021961836329 -0.00884758462608 0.307837994756
vs+fr 0.110220117175 -0.0294621382369 0.087438283347 0.235496036331 0.211360117629 -0.13499735009 -0.0166786413407 0.196020503118 0.210184138301 -0.250539059598 -0.0947496875618 -0.0303150694985 0.159669131794 -0.450526876878 -0.0292646843803 0.277662301219 0.0680770472303 -0.0428397325402 -0.0894018028531 0.0617962362516 -0.21805080483 -0.104882478914 -0.0462161814748 -0.0450994703828 0.215374227483
ppron3+pl 0.0792471043961 -0.0178836097869 0.173136873125 0.124408228338 0.306795115185 0.0947878980459 0.0677039987352 0.1653706174 0.0091490466771 -0.168969026275 -0.233111719317 0.0732299288298 0.0861908875534 -0.307080695645 0.0370211063405 0.157160711692 0.0595650185669 -0.0589575768995 0.0103311005656 0.0250473018197 0.0279711707316 -0.217284954945 -0.0888496455042 -0.0373901364353 0.255002108444
s+hu 0.0593186807395 -0.0230631633531 0.00653413958066 -0.0211322447164 0.293846443477 0.228311621442 0.144937754313 0.181179260105 0.184046620167 0.0400951054369 -0.0425557194321 0.0597360640488 -0.00166372085091 -0.307759704151 0.00190075171957 0.126544815032 -0.0565241712229 -0.165348538889 -0.149705127718 -0.0745167975181 -0.200651716577 -0.0988351111029 -0.0720911080243 0.160401704433 -0.157108040953
vafin+de 0.113176705393 0.0205959039629 0.28035616629 0.14480307717 0.1519436485 0.110710327301 -0.108963653722 0.0290848133945 -0.009933956635 -0.0815511330159 0.0281672851447 0.07719794103 -0.121607115122 -0.329110569453 -0.20383192894 0.0308715809359 0.179281062799 -0.00583987298176 -0.00786043021276 -0.0904736104903 -0.0514954207605 -0.147556614415 0.00337841859571 -0.0945694637685 0.0666692324327
adv+de 0.0690335278746 0.067255951483 0.195652526591 0.0521670384738 0.254568708037 0.0863580362346 -0.112726275682 0.0101044001267 0.0568313500611 -0.0328038876101 0.041291982545 0.0779597154076 -0.0575179010574 -0.385890869699 -0.0109059157964 0.206966322429 0.267287964293 0.0331334571747 -0.0366801976806 0.114311818276 0.0020788863817 -0.266637746132 -0.13321922402 -0.0157945617743 0.0637984438158
adja+pl 0.00137556304344 -0.00139428321289 -0.0832758897666 0.0884678880341 0.253407425426 0.191884882383 0.0838047900633 0.162288519098 0.143938277948 -0.140038476299 -0.184396088195 0.0953422310888 -0.00836920049353 -0.261821418957 0.044608063348 0.196550932835 -0.0192043908411 -0.204847133299 0.0412036806528 -0.00957452929386 -0.114103441199 -0.302778095385 0.0194577511568 -0.0344330519178 0.144385223082
pws+de 0.156953610408 0.13636352788 0.271443256594 -0.0505955329679 0.220069263764 0.0863247285358 -0.100627312433 -0.0668320317756 -0.0547289912573 -0.0291497547638 0.128631686547 0.0305261140696 -0.116139170523 -0.265710494266 -0.0849560793225 0.178281539032 0.209276586179 -0.0173962172997 -0.0545484173487 -0.0993565089527 -0.016831654665 -0.197958393457 -0.0647627278784 -0.0357538215653 0.0338023128285
.+hu 0.207565282283 -0.0658337740177 -0.0160662632488 0.0335408327318 0.298915213814 0.105880363631 0.127042777106 0.240468957089 0.139189842595 0.0918964607434 0.128579118648 0.15421881201 -0.11855357357 -0.186398108443 0.104544382916 0.123126122308 -0.0974617514339 0.0193041783791 -0.189139294073 0.0440013591624 -0.0965401599274 -0.057187876573 0.11448518109 0.106797517547 -0.0339784561721
verb 0.115327067375 -0.043151735972 0.158681479761 0.245599478293 0.241502290108 -0.154210460565 0.0283686114625 0.127121337263 0.126055437504 -0.220976569613 0.0191562016289 -0.0505050844216 0.110823008786 -0.405178387735 -0.0324698959615 0.222775182337 0.0614233972761 0.0436112772584 -0.0715112450756 -0.00222832779004 -0.195281812348 -0.103574771263 -0.0273785796936 -0.0906715745488 0.13938464662
pc+sv -0.119794824552 0.00960411794445 -0.0478460206052 0.0759156713941 0.0990782261428 0.0922549275563 -0.0482446116763 0.212969547069 0.164563878971 -0.246134687273 -0.244718081816 0.0934644529162 0.052266356655 -0.304363008197 -0.1042664776 0.232840987568 0.0798732151949 -0.264732985941 0.0185559117657 -0.00693614001606 -0.179813807153 -0.202823588714 -0.0284998215276 -0.0208555411031 0.368954971238
rg+sv -0.12961171058 -0.12507750124 -0.0477817440552 0.0604266354261 0.0825275862915 0.227806066156 -0.00483307308013 0.376786868774 0.132110793239 -0.157412670827 -0.324500795609 0.222949392191 -0.124163334757 -0.312030856845 -0.111215378014 0.0774533901817 0.00389564109751 -0.168275160999 0.0881984430198 -0.0791235898014 0.0081294915091 -0.268550406037 0.00244446652621 -0.0447337841651 0.399660449809
prels+de 0.118555252014 0.103196127921 0.228818006496 -0.104091897892 0.150874069067 0.0686774315092 -0.152221179498 -0.104692535944 -0.0994707045004 -0.057825656059 0.0167974295587 -0.0367120286287 -0.0974470056391 -0.190668883554 -0.118303390625 0.129418038853 0.154232553781 0.00862584082503 0.0512157956965 -0.155915402178 0.114748174253 -0.236944525316 -0.109397099914 -0.0815617049719 0.0294093191715
ps+sv 0.0348868345494 -0.00438221727237 0.0916510008356 0.0721544344959 0.169938413164 0.0321904934491 0.0643423506837 0.240788734289 0.0731546930842 -0.241444731316 -0.115559133504 0.0950088319986 0.0236578519582 -0.301259568909 0.0181083429581 0.150463007301 0.0531164993872 -0.123038742599 -0.0725562610915 0.0295928435072 -0.0327192625491 -0.189787090654 -0.102186076551 -0.0345188302802 0.370872778836
fm+de 0.157738415717 0.15589554242 0.00372519476848 0.0334694794023 0.197088914266 0.167845852362 -0.184356980753 -0.0654690253746 0.0525422551873 0.0720435651291 0.197400256777 0.0168003482219 -0.207195569927 -0.179584857113 -0.0827768615983 0.191581794685 0.139548525286 -0.0863417147864 -0.0615116546173 -0.00102580560735 -0.132371244572 -0.294688509 0.063431835188 -0.0351176496011 -0.118933602084
pred+pl 0.0777439548383 -0.0616591896817 0.0629791239572 0.148510668538 0.261087027077 0.209344356044 0.104901963349 0.243305306937 0.181467903397 -0.0710641169005 -0.23286543343 0.131159787631 0.0471833907182 -0.379705848983 -0.0262472463311 0.110077020512 0.00764699549647 -0.218047711464 -0.0596783521948 0.0502561715827 -0.137803969523 -0.0932799294126 -0.0638378214723 0.0506003848277 0.0750152456913
x 0.134021824161 0.103137016995 -0.238389406953 0.187979137142 0.13485989937 0.0951776082458 -0.138491668697 0.0435354863789 0.225484916488 -0.0265824273678 -0.00445983489672 -0.115420994516 -0.0660081679327 -0.182947766463 0.0306500039163 0.217085405755 0.00874132175276 -0.101527492872 -0.0507473748964 0.155929734734 -0.158507250321 -0.442933634937 -0.0422757150505 -0.0976471994053 -0.0774290226054
prowh+fr 0.0605399677664 0.068951913693 0.0103411577756 0.15736136036 0.158304639557 -0.120414062341 -0.0943146307833 0.157004693044 0.0699144313951 -0.278166705222 -0.0904768766764 -0.132310432491 0.163256643524 -0.292306622146 -0.0372303795062 0.338723313906 0.0944541415523 0.0264506874908 -0.0689850032281 0.0133541995429 0.00167858313171 -0.341430328464 -0.0552602733531 0.0121970149002 0.275429150621
mid+sv 0.14233660143 -0.0271892313522 0.0889151869557 0.218307057542 0.211410108298 0.0962263239833 0.0180007494232 0.323906351587 0.189473970313 -0.0872607047262 -0.141349523331 0.154084270259 -0.0275063203338 -0.336225079414 -0.0544193844368 0.155805805258 0.000283950575092 -0.0780562098811 -0.13431760587 0.110417386383 -0.198050739191 -0.105374555751 0.0469797708249 -0.000415205595303 0.293657398835
pp+sv 0.0756059901475 -0.0274956940951 0.0593686521338 0.152162747858 0.150077589289 0.117053863095 -0.0142033153535 0.270261611301 0.232921811782 -0.133939850567 -0.180056899955 0.0970692658088 0.117935621429 -0.411093574144 -0.168035585431 0.130734438978 0.0566158664825 -0.307103121166 -0.165194521536 0.0282574578385 -0.285987257331 0.030716067921 -0.0691232305534 0.0829892132041 0.149512089897
nn+sv -0.0261359292201 0.0482112751423 -0.0236834980212 0.0387603413404 0.148472213891 -0.0751828309605 -0.101472295353 0.128863299622 0.229014604036 -0.174530184973 -0.210778276078 0.0436657754174 0.0511744841291 -0.36961736601 0.0115852601892 0.412548512328 0.103512148886 -0.118034135969 0.0461066947817 0.173021153098 -0.12866164216 -0.202885303156 -0.0755063730324 -0.067735692497 0.303289770105
vvizu+de 0.179831163751 -0.00567326041256 0.290977183068 0.115064428948 0.241452057595 0.0852381629062 -0.0414079201069 0.0122911817284 -0.0626958411508 -0.0612748784614 0.10675960534 0.111388569708 -0.0741725426803 -0.302297950804 -0.147907888797 0.0645733702402 0.137536138149 -0.0336272999021 -0.0117147078793 -0.139493418907 -0.0652577966777 -0.0328188159747 0.101727107 -0.0691785485231 0.0348561892873
nc+fr 0.103133488491 0.0261865971506 -0.0585727107171 0.0695256361946 0.154901279459 -0.284885595598 -0.108650859296 0.0870989738542 0.24954746718 -0.147874847533 -0.124696420125 0.0176775476822 0.100335552513 -0.317317927191 0.13225218049 0.468547731518 0.0982830148628 -0.00328736035675 0.0173071822756 0.349880390826 -0.0686245963761 -0.0966999100239 -0.00143591478862 -0.0573723704109 0.2581739031
vpr+fr 0.0661363942999 -0.063892516122 -0.0656227662087 0.216879814645 0.163425899132 -0.201146836252 -0.0314270096039 0.202670021642 0.209320936052 -0.272317933022 -0.0503204386623 -0.0571850433703 0.16672693202 -0.364006141178 -0.00187184609436 0.266333184721 0.0479956310298 -0.0814903441777 -0.0657384357914 0.0977341801271 -0.167915727251 -0.140411666212 -0.0375935554718 -0.0605363203686 0.241562817974
x+hu 0.0731107722375 0.0930022445015 -0.150139400084 -0.00356500794816 0.264191450323 0.201346403454 0.0888922425674 0.0330183385409 0.164615601983 0.0703271789229 0.0262734815053 -0.0856431321002 -0.106593980324 -0.149940303195 0.13557865126 0.201470577203 -0.103599474397 -0.0494920156715 -0.06248946887 -0.0134927495467 -0.13850287179 -0.41965474496 -0.072793782173 0.0122194769919 -0.229738398459
num -0.121357224534 -0.13627393338 -0.0247211339362 -0.0171871701988 0.0890803835503 0.224906962765 -0.0442856554368 0.370296631194 0.108431620897 -0.0898212001414 -0.301931556096 0.217840478219 -0.162857616038 -0.30726760044 -0.136461628656 0.0727315273592 0.0233675133318 -0.0888552692731 0.0794481365755 -0.129142577547 0.0610835991291 -0.255224642494 -0.0295015681365 -0.008055121342 0.344828395228
ptkvz+de 0.0994271685891 0.0754670449987 0.345565842768 0.0160450240773 0.14095560447 0.179264480539 -0.0417590628155 -0.074403469479 -0.163387921139 -0.0604567053283 -0.0719270843769 0.212855359282 -0.0437501586836 -0.176955144839 -0.123373852653 0.00878375203429 0.177834284444 -0.175151436781 0.0849945785329 -0.0359580860436 0.100281926177 0.0210003443035 0.0314498060622 -0.0848975499685 0.187324550436
cc+fr 0.19571448984 0.000956051748191 -0.0155818616579 0.180584653099 0.0573560999248 -0.124724163288 -0.0944030518896 0.242550082991 0.270746240257 -0.214919703265 -0.135280885245 -0.0285029548509 0.0995024521322 -0.39769380999 -0.100729271456 0.233624842619 0.0327451381653 -0.191742541651 -0.126622270863 0.150339513464 -0.193510529688 -0.0965552259781 -0.119160208679 -0.0402819776716 0.242972286995
detwh+fr -0.0279823498997 -0.143423839015 -0.0288949438061 -0.124145953118 0.209583903378 -0.219981682466 -0.00753326804889 0.127255310832 0.245713305978 -0.306776185883 -0.0580827990472 0.106603480448 0.120097847774 -0.179983465305 -0.135286985058 0.0819091410657 -0.106554830884 -0.151380459014 0.0477671386578 0.120441037238 -0.00203679489184 -0.11423638082 0.127847735587 0.0419117812266 0.156468492805
pds+de 0.143932037446 0.144876225536 0.236380100777 -0.0814311859933 0.25546640861 0.0583379749055 -0.0908122775352 -0.068889188572 -0.0357887801221 -0.0170134321455 0.152267002075 0.030533838364 -0.111984938929 -0.259680001367 -0.0267131170877 0.241944373546 0.191406065668 0.04730829167 -0.0604734667756 -0.0557639697887 0.00217284481838 -0.238510336916 -0.0676830935726 -0.0263324775649 0.0249563300231
interp+pl 0.18641956313 -0.0359686108977 0.0815103646557 0.164280985909 0.274321851647 0.181258155597 0.0710305686134 0.331853857625 0.177080130894 0.023708160452 -0.141442664561 0.188924193439 -0.0626577011981 -0.290067489277 -0.00549617886718 0.138785351366 -0.0437836131722 -0.0714239179447 -0.14961721477 0.0995325145269 -0.176565656084 -0.0699643551655 0.0768190968318 0.0567603231111 0.197439008132
ro+sv -0.0806486294841 -0.111506640987 -0.00134416605585 0.0904879425651 0.114155153865 0.257547309858 0.0254071852546 0.377552838312 0.128747522343 -0.139003939503 -0.277764225122 0.247082754112 -0.12511697864 -0.348641658314 -0.124052206619 0.073501244496 0.036408001264 -0.218607023737 0.0364003954267 -0.0512176606263 -0.0209879291662 -0.209896888536 0.0044780594587 -0.0304728760628 0.36466691367
r+hu 0.0735808975243 -0.072406890477 0.109748269879 0.130294558256 0.367523209942 0.0621486523665 0.119471962361 0.07749609062 0.0788009247441 0.0107907975472 -0.0805931924322 0.0524621940796 0.0711260676807 -0.362114742397 0.190930943722 0.135828246179 0.0822862539913 0.085029237249 0.00627152271478 0.171531373222 0.0681976659458 -0.207812542231 -0.135885043303 0.0218061733807 -0.0682312339413
pron 0.139076168677 0.0912874667541 0.18981471349 0.0602643543974 0.24513300572 -0.107321185773 -0.0714251714311 0.0921502785899 0.0419216280156 -0.187130546495 -0.0603242621321 -0.12864789484 0.129469021245 -0.289706814782 -0.0217662430717 0.262702670113 0.103434224073 0.0856873567961 -0.130211344224 -0.0294115179401 -0.0881628544577 -0.230392216227 -0.192253707184 -0.0189836527379 0.226147019057
pper+de 0.0942993553568 0.13868650732 0.216017310263 -0.0485171151771 0.272804998214 0.00941661215602 -0.0345473166468 -0.0581959396754 0.00556727917775 0.0498376669613 0.121755195741 0.0282293498162 -0.0914931572194 -0.242174474483 0.0889422588725 0.279870192644 0.155989982504 0.182937127056 -0.0549371369038 0.0600991805658 -0.00882915159841 -0.250195336408 -0.0871247817837 -0.0242316639626 0.0228481627124
k+hu 0.187178781616 -0.0371852962767 0.022839255494 0.0794852209371 0.356364255686 0.166063361874 0.125261797032 0.192502346967 0.156601273441 0.0786536331623 0.0130476880483 0.0620676647291 -0.0853880767588 -0.263445552655 0.0704761471071 0.152772283221 -0.0993477048801 -0.00304655808575 -0.13330769991 0.0102599607455 -0.133502691384 -0.179942672321 0.0350696534379 0.068626393378 -0.107362461309
i+fr 0.172503316468 0.0417404287756 -0.274523299727 0.134896413666 0.10223410811 -0.123257431276 -0.0343474539208 0.185242918797 0.279667608739 0.00655338976601 -0.147324554579 -0.126173654376 -0.070997294808 -0.202713829816 0.163833374744 0.126459379185 0.110935746532 0.0283609927396 0.104101840685 0.0328180321261 0.00828586368826 -0.259394797692 -0.141836243665 -0.111618940933 -0.0198193757315
itj+de 0.136631054146 0.104849311075 -0.0223183357749 -0.0607942820289 0.249046146825 0.148104133874 -0.0244546102659 -0.120239751643 0.0789960838102 0.0144608705169 0.222014120841 0.105354991149 -0.12008724501 -0.254691328295 -0.00265386988145 0.191778961183 0.0550921934417 -0.0988380340819 -0.0686933312735 -0.00684294268076 -0.124104832134 -0.281289754017 0.00198754635564 -0.0720929625218 -0.0917793754735
apprart+de 0.183697690098 0.0357816817712 0.191486912565 -0.0822416442662 0.100308592438 0.048289868362 0.00852690261449 0.0796289585973 0.061274210623 -0.0698685449496 0.180928341273 0.146333947957 -0.0653605237351 -0.320656958056 -0.108493065427 0.0765067746226 0.137070460651 -0.229763137304 -0.17978480295 -0.0639908899671 -0.0910879952427 0.0881442777015 -0.0288583577096 0.0741271676572 0.0299119442351
ptka+de 0.0544646428981 0.121587488041 0.314401405215 -0.0525444753009 0.133847442172 0.185638441989 -0.0210994079863 -0.0164815894689 -0.0901032050775 -0.041784083019 0.0196262321777 0.240588225993 -0.104536836534 -0.25912313451 -0.0642040223666 0.0776127533393 0.204226696059 -0.160331223311 0.0131999903933 0.0245926585967 0.0412207664203 -0.0530913852244 -0.0222616244928 -0.0455594721702 0.184771742143
advwh+fr 0.0985456877044 -0.0659669953353 -0.0301498692157 0.201427394906 0.185122092108 -0.0585722886721 -0.0785343756115 0.163770519462 0.217062366924 -0.257522599656 -0.225648632293 -0.0898215046092 0.200142752663 -0.440726918718 0.02532221546 0.194590422283 0.128682653794 -0.115778644347 -0.132970577059 0.153703592406 -0.0994367720749 -0.132106675582 -0.168320291368 -0.0444644351676 0.241095054787
ha+sv 0.0683948060197 -0.0865376248335 0.140318670511 0.256358757043 0.166507060158 0.0586966415843 -0.0490285872906 0.225077569109 0.098852503426 -0.233372053665 -0.195942680339 0.0894119598461 0.0967644980229 -0.421291567821 -0.112886308975 0.0385091761547 0.164372345288 -0.132938681571 -0.0297196133402 0.0720527753216 -0.0241100293777 -0.148426280133 -0.117090485804 -0.0428483613631 0.272948941174
?+hu 0.173297462303 0.00162818675505 0.0734699459413 -0.00990909372068 0.308694066084 0.183964464521 0.12835155544 0.178316027647 0.132822665704 0.119655791903 0.077228880968 0.112036120215 -0.128488309198 -0.228046285129 0.0684550741972 0.135510065175 -0.0704558111981 0.0283405293947 -0.182894682311 -0.0215913468178 -0.147639203063 -0.129370734536 0.0244795477485 0.111867454993 -0.0778494029323
jj+sv -0.145278558933 0.0430085966175 -0.0506992983166 0.0421946657756 0.0805064701191 0.123016444804 -0.0556239098962 0.208772748448 0.16473105884 -0.233131582667 -0.233346098859 0.0673054215174 0.034159411206 -0.27958984976 -0.13610806691 0.230988031365 0.0440164115042 -0.271605006218 -0.00090059256373 -0.0622811975292 -0.234386747249 -0.201734498433 -0.0260256034626 -0.00750481174263 0.347251640845
kous+de 0.194782775802 0.0732633732245 0.207115939078 0.0772699579715 -0.00906158932837 0.0627060622327 -0.186273885655 -0.0893088551554 0.041413498697 -0.0363913346599 0.00697203852882 0.00554903067207 -0.120521999273 -0.306483677075 -0.212853924346 0.0467187047293 0.170271834498 -0.151861318978 0.0580788153094 -0.00905173985584 0.00775797641274 -0.127781019402 -0.0999978771745 -0.164163147636 -0.0404950380701
hd+sv -0.00986292944797 -0.111248292056 -0.0481860507422 0.0861821709847 0.200361483056 0.0969694535539 0.0518679936535 0.318135922005 0.131809761128 -0.242256011539 -0.0996800762715 0.173740740255 0.0297127599058 -0.307586326786 -0.000730222050839 0.128214384406 0.00849876953561 -0.203612854033 -0.0528417513583 0.010483720492 -0.0777799685554 -0.161631390435 0.0289863228583 0.0199201382392 0.346303216182
ne+de 0.165983847825 0.0919502813645 0.112560056283 -0.00767071616748 0.2342422358 -0.0806811127646 -0.174003956593 -0.0706051747159 -0.0141334171783 -0.0394053363534 0.145511307226 0.0601138503891 -0.0812411933196 -0.12773498986 -0.0230057022189 0.313327112625 0.161696900429 0.0573752041536 -0.00722905241497 0.0547622862748 -0.0439631354284 -0.0747579659103 0.209216276859 -0.0061666552204 0.120372356197
c+hu 0.108542621202 0.03924973167 0.0654263522904 -0.0152187151698 0.11936469766 0.137198812154 0.14273544795 0.0247276706172 0.145929423028 0.0362531482783 -0.0191537478223 0.0104577231379 -0.0833272880436 -0.30782091979 0.0491712450042 0.0683168128851 -0.021918440334 -0.16376981016 -0.0231086624975 0.0406783569708 -0.0332642701732 -0.195641399915 -0.217652676613 -0.0363046197207 -0.193074007709
vb+sv 0.112313614474 -0.0809001236901 0.138034268665 0.324909845013 0.196953185927 -0.0447284459806 0.0129600159357 0.185805597678 0.129347486356 -0.276721815247 -0.129172265074 -0.0250143383853 0.0993224152371 -0.437444715958 -0.116885266776 0.137185631779 0.0476738992784 -0.0880670261948 -0.00259343810425 -0.0101851991723 -0.152005531708 -0.167691774812 -0.0496285132325 -0.136741284644 0.206285227953
v+hu 0.0807694306403 -0.0923868473789 0.134048076854 0.184048142805 0.311707345213 0.124638093643 0.168200687941 0.0987067401632 0.0734038024191 -0.0579730902589 -0.0612855980072 -0.0330361586843 -0.0185667125514 -0.338168348862 0.0214165822567 0.0514421717654 -0.0557503075906 0.0413257571999 0.00172939145519 -0.0963515976389 -0.0672331540319 -0.230415597419 -0.0732446712 -0.0615549409623 -0.139589236007
kokom+de 0.207513819365 0.117723686206 0.200706993945 0.0321894995263 0.0769884303907 0.0992346547665 -0.0949595127211 -0.0011494674805 0.100310784291 -0.0319963117721 0.134235163198 0.0770715283098 -0.157021779758 -0.390496877427 -0.149021959437 0.135222698975 0.190345585242 -0.181518046942 -0.073569167122 0.0189839515896 -0.1035252202 -0.153245409377 -0.101051249507 -0.0790186225188 -0.00485860868048
nn+de 0.175066932161 0.175928996641 0.0820111401379 -0.0185521304102 0.286869897139 0.0584095324777 -0.0805326749197 -0.0898696682028 0.0648762826689 -0.0235482928563 -0.000210806423696 -0.016188178934 -0.0353499104013 -0.196494071588 0.0160013835264 0.359668277058 0.0427110193914 -0.103400895094 0.0261312096867 0.0206974600821 -0.11504186066 -0.227440802721 0.0459678876644 -0.0630701177489 -0.00706343104551
hs+sv 0.0174154439838 -0.0201327664048 0.152713688118 0.08548527943 0.262903645479 0.109795690721 0.00897970969333 0.254890725312 0.0252087441918 -0.171056790071 -0.188858924034 0.108625880756 -0.0243363608005 -0.326680646551 -0.00307405227545 0.124412766459 0.0920710356341 -0.048940441845 -0.019271551158 0.0104822342434 -0.0347376766046 -0.222567277568 -0.0502446855235 -0.0117811300609 0.238739324413
koui+de 0.229127046782 0.105674234455 0.199465602929 0.0269895775373 0.0542755215575 0.0802834586743 -0.1333123453 -0.0467444145836 0.0615492488263 -0.0574105492806 0.109139381788 0.0491674957485 -0.153592663936 -0.330351581364 -0.199310948294 0.0896882801121 0.168028427584 -0.214015145476 -0.0360816755751 -0.0497213317792 -0.0506426553484 -0.112997845982 -0.0810748128723 -0.101220509969 -0.0298875322279
z+hu 0.104396819439 0.0931329581427 -0.107667778463 0.00205856918527 0.28168446248 0.230952590115 0.070441980079 0.0304179241926 0.150496654309 0.0700013694766 0.0539202995262 -0.0615800862408 -0.133661479657 -0.178398202252 0.105643715227 0.194148855234 -0.0611714296361 -0.0676426224777 -0.0672286759624 -0.0234321748098 -0.100406184738 -0.430412346251 -0.0598838755387 0.000219156741024 -0.211471582537
pm+sv -0.033601837051 -0.00886770334799 -0.00715357858867 0.0780336255222 0.14819493629 -0.0202191637993 -0.0445024505497 0.173743906379 0.221939278372 -0.123271142362 -0.249586652789 0.124649203764 -0.0168933129732 -0.365984522925 0.0503894508262 0.335262395138 0.0856469449522 -0.0711294208623 0.0837652707016 0.225600172858 -0.0453994165317 -0.203274812826 -0.042675601057 -0.0840117901948 0.309797977401
brev+pl 0.0501794139429 0.0442419467652 -0.199837980208 0.159445309286 0.206723371194 0.225828260731 -0.00524695373284 0.0950137666647 0.191795944076 -0.0436420815538 -0.13994507385 0.0348393067224 -0.0894305192889 -0.248025257179 0.0806850786 0.207092065747 -0.0247646201387 -0.232239645416 0.0630022430839 0.134669458468 -0.0665049467149 -0.448941383626 -0.0303761639443 -0.109697838128 -0.00186040743702
adv+pl 0.132437065826 -0.0289339534507 0.141599020642 0.242927865463 0.283092426029 0.129040145993 0.0477345344597 0.17322403371 0.105604386909 -0.141378497942 -0.248117308732 0.0814093356722 0.126401630708 -0.389815028089 0.0441345404526 0.0976173864726 0.103667282154 -0.151168228366 -0.0222260337862 0.188840263195 -0.0125125396401 -0.202085631303 -0.141295008141 -0.0213974906519 0.167528261921
$.+de 0.162586383713 0.0194543402631 0.185202441156 0.17857684222 0.327253753221 0.118596829351 -0.000663149364965 0.167405199616 0.0931810637131 0.116723647833 0.0875582721554 0.201011807025 -0.0819674608395 -0.250714496959 -0.0266031732082 0.165229776811 0.0685197160619 0.100714326213 -0.160173483592 0.0911067693775 -0.240086458049 0.00771692613592 0.19445195084 0.07479217567 0.0778563965288
p+pro+fr 0.118504705279 0.0387476042728 -0.0361375472546 0.11168600513 0.13766589234 0.0729241320873 -0.0639811899659 0.214597295335 0.204021452733 -0.117824750663 -0.239143001001 0.0575685091957 0.180057822545 -0.377600297139 -0.153673577255 0.292935554517 0.0252990636712 -0.254876897573 -0.102862790573 0.0753359369985 -0.256447018169 -0.0464659087888 -0.124311345849 0.0530082520291 0.205696046213
n+hu 0.0360244803337 0.0555897853083 -0.0099274475977 -0.0435739895171 0.313328075994 0.00775042723186 0.110880013321 0.0283558465696 0.13980913176 -0.0432873496556 -0.111753499143 -0.0226832734509 -0.00823102889177 -0.25547474516 0.212920045953 0.353780039834 -0.0526474575955 0.0389768116821 0.0625249299486 0.0991628662169 -0.0169544509243 -0.322496186643 -0.0720981505038 -0.0233394185431 0.0114966480448
pposs+de 0.217960026452 0.129121927996 0.174140962683 -0.0919478937852 0.303650978558 0.0117723222698 -0.0701122422531 0.0116177070494 -0.0527802479574 -0.0814554848529 0.091598247667 -0.0289382521329 -0.0357066318621 -0.350673589536 -0.0793665940739 0.157762537036 0.208092843284 -0.0383543016118 -0.0937970887001 -0.125600452887 -0.0611522230831 -0.224022431684 -0.0601133289446 -0.0248332026973 -0.0386763133654
depr+pl -0.0512472278727 -0.00278951106655 -0.103292541985 0.152961422612 0.268414122203 -0.26076247181 0.0401277554568 -0.0229516431524 0.154015270592 -0.158808790348 -0.0111179035007 -0.0364902329711 -0.0327520913385 0.00308397718122 0.214769401008 0.264302524776 -0.0791854180534 0.157067611121 0.101320857217 0.22357880757 -0.150813387195 0.0567921194515 -0.0800505353508 0.0175290182938 0.200290371258
appr+de 0.152875580361 0.0974891389573 0.16281210834 0.0379326592568 0.0813134398544 0.0665777730785 -0.081339392923 0.0143414643579 0.13599468574 -0.0631777006018 0.136176706013 0.0750489936421 -0.0329527527076 -0.39312651876 -0.135867303744 0.142369682729 0.243475238426 -0.271723981424 -0.148154154457 0.0586646174865 -0.183637384233 -0.0103520211022 -0.107483610165 0.0172107799543 -0.0111447959298
$lrb+de 0.283239536664 0.101075622675 0.26843282018 0.161732557522 0.243896961816 0.108345724647 -0.0879104691242 0.0597614091731 0.0194634988236 0.0491125080917 0.10456102755 0.112482021765 -0.0879494798875 -0.218728029216 -0.148972331885 0.103166123631 0.0977908757954 -0.00801698596956 -0.148585373966 0.00274778439252 -0.207109287278 0.0124610429328 0.166495930805 0.020455637952 0.0702852345061
clr+fr 0.153207855726 0.0652827741104 0.0721970967664 0.127553893873 0.293819293192 -0.0788685268882 -0.109258129739 0.160074621275 0.0884207413588 -0.237727906867 -0.151029950257 -0.168573870897 0.201072779948 -0.291031794992 -0.0346733511867 0.285355507497 0.0593425999683 -0.0231083399665 -0.120554887752 -0.02873542089 -0.132063619442 -0.283402183608 -0.169599949798 -0.0102745469074 0.254764749216
mad+sv 0.110283429949 -0.0537368602562 0.0500148704687 0.161653864666 0.118617334408 0.0834460440849 0.0621401859898 0.351030216908 0.187923194575 -0.102520974366 -0.080614805105 0.19660138878 -0.0645469192279 -0.294567097136 -0.0477610914357 0.0788945398179 -0.0173708651513 -0.107672008683 -0.160802247695 0.0886133140496 -0.168162261059 -0.0553117513883 0.0548978688604 0.0167522423355 0.315500548026
adja+de 0.00403850019266 0.0625562651404 0.00790954657451 -0.117135827202 0.0327229205824 0.0697062886213 -0.133181182929 0.0154939820373 0.0883182876153 -0.105738149061 0.139509504508 0.047675095501 -0.0949849417554 -0.27415191161 -0.185938008626 0.165521538468 0.177331525909 -0.287440271844 -0.0449363672245 -0.176893465007 -0.153466617871 -0.108460163024 -0.0311511959696 0.0222466739596 0.0481014788296
ptkzu+de 0.0929017898998 0.100996995785 0.355609819018 0.107509660689 0.240709043534 0.213268136043 0.125828656914 0.0209877493275 -0.122104985325 -0.0756702996092 -0.0958819166921 0.269265617929 0.0235905444736 -0.166443031611 -0.000999715203526 0.0372197903353 0.107329119668 -0.170323823744 -0.017433366059 0.087400010285 -0.0170418389193 0.0490883137455 0.0787330364373 -0.0357210164753 0.259544814469
. 0.227185877638 0.0553862360651 0.069847795555 0.158037697986 0.215264685061 -0.00910453054367 -0.0710117601595 0.238715835587 0.234115348228 0.00473916482521 -0.0575591355113 0.0129692460175 0.0133554838215 -0.276471950707 -0.0601271154249 0.253805906568 -0.0242265716432 0.0430825648596 -0.212444672026 0.114138247742 -0.292770614591 -0.0631645534623 0.0329645083497 0.0546269514418 0.162289290579
siebie+pl 0.061683381058 -0.00750341977923 0.0890045678122 0.10200457445 0.30987726111 0.119210017693 0.0799502233807 0.154503662777 0.0501072126613 -0.127585822065 -0.196543839341 0.0692613852836 0.033084878605 -0.30188425509 0.0558583334052 0.194291384123 0.0312163756789 -0.0939319536791 0.0324542708008 0.0323396403462 0.0103070513211 -0.286251041399 -0.0708955550452 -0.0534464087654 0.180542705571
aglt+pl 0.0754024606477 -0.0352505009737 0.172743528027 0.189100310924 0.254482048647 0.0759288833998 0.154044444478 0.159182257394 0.090548607684 -0.159887821321 -0.207092602824 0.0742557052977 0.100776534996 -0.385392511874 0.0649126492764 0.125971169944 0.0424159470411 -0.113452927908 0.00440742879112 0.102906291641 -0.0411026198514 -0.141852544522 -0.114956945948 -0.0506774151647 0.177372611073
uo+sv 0.128112476583 0.0567856921719 -0.0903973082166 0.126671417111 0.228299624696 0.205352826611 -0.0228980728384 0.15957119775 0.197829696934 -0.0440273626708 -0.0429402728013 0.0450703653468 -0.149423944465 -0.315238014122 0.0435702040384 0.211319224341 0.0093160891024 -0.15871404016 -0.0430525514823 0.0785978057758 -0.0984761990587 -0.458144975647 -0.0587469014976 -0.082876380681 0.0393461559981
sn+sv 0.153793349745 -0.0338444505998 0.136141097666 0.208919825559 0.00113906363606 0.0461598261765 -0.0413866581925 0.210088949063 0.149343121252 -0.230562389924 -0.175435704199 0.0446260781568 -0.0275189078111 -0.425684268638 -0.206355295897 0.0219378827572 0.0701899482113 -0.225344305883 -0.0306926582784 0.0204672513178 -0.0703616559365 -0.159072555427 -0.16234336736 -0.137996552693 0.225352290932
i+hu 0.111791799248 0.0503646003855 -0.106804402232 0.0223522202879 0.246474521984 0.219707212794 0.101236543459 0.000202056922749 0.125099371103 0.075541794941 0.0828822125058 -0.0284051265223 -0.145851688478 -0.202411928957 0.153103456691 0.140155724682 -0.0664133573369 -0.0660183858597 -0.0303241576038 0.0231263713125 -0.0532986504394 -0.415207415827 -0.0728641708502 -0.0295418073845 -0.240689841145
adj+pl -0.0394544363607 0.0151703665902 -0.0218158232757 0.0686371388381 0.218011009916 0.197770895034 0.0704581528467 0.173958611349 0.0853704125718 -0.156246148244 -0.256353234463 0.145947540153 0.0135736567571 -0.213248556408 0.00225497606116 0.194535037909 -0.0100011590021 -0.257201084392 0.0597279232479 0.0183397197421 -0.0924615364402 -0.207836132322 0.0464840977919 -0.0288681770609 0.274808970249
ppron12+pl 0.0809128406155 -0.00948086268471 0.153054813598 0.131211101497 0.304781292194 0.111111556375 0.0776722337579 0.152437796116 0.0251061257491 -0.130081105688 -0.238990806043 0.0842404533627 0.0605891988811 -0.291899370608 0.0536050098926 0.157734147028 0.0382962619542 -0.0692319408815 0.0150765658966 0.0669825318381 0.0203600983675 -0.215833417709 -0.0724722753331 -0.0462390583958 0.227759707238
v+fr 0.170766095871 -0.0433959148194 0.167455648322 0.265516316031 0.206279333284 -0.237953130088 0.0197227148383 0.166565701652 0.168250767695 -0.258050129149 0.0535078907082 -0.0686203102172 0.129462791031 -0.429450103826 -0.0654638814323 0.233497819533 0.0301042891407 0.0939353296619 -0.137355320669 0.0148288411687 -0.246022529201 -0.0567499511101 -0.00949046896707 -0.0727366423402 0.193146062288
card+de -0.0236263192375 -0.0551099501117 0.0610013492255 -0.212313946308 0.0360312396987 0.169384008986 -0.116526860807 0.216699604838 0.0299127875434 -0.0104032057696 0.058202494486 0.208477143744 -0.306962467925 -0.270343942737 -0.166127694618 0.0569106730243 0.129981676136 -0.0245854196557 -0.0293919083029 -0.221160950028 0.104627438901 -0.205839589112 -0.0430494832798 0.0395226252173 0.193105059181
:+hu 0.136783891761 0.0227749562879 0.0937549088507 0.0271873816008 0.366017600909 0.183424774912 0.0975151044615 0.159539365441 0.147768714801 0.157334438236 -0.0250454716542 0.101016325271 -0.0762203565435 -0.26284829337 0.0874576051044 0.194202469619 -0.0394913617687 0.0659042928456 -0.124113059517 0.0593173129084 -0.156492228971 -0.154142867407 0.00928810220913 0.112351470984 -0.066454220777
qub+pl 0.129054585443 -0.0199377311842 0.198855223917 0.233439792679 0.326476339954 0.104368093568 0.0571525325743 0.165395449141 0.0687808051975 -0.136100167856 -0.254699309824 0.0892689033407 0.166539268194 -0.367780591771 0.0607864241815 0.105320741561 0.121009649846 -0.104793697601 -0.0421156754335 0.194494956532 -0.0190426540011 -0.136280493676 -0.115044474418 0.0144517564384 0.216494981154
prf+de 0.101967613478 0.162832406537 0.225303543301 -0.0673024438862 0.256742528866 0.0474635161822 -0.0475949472484 -0.0600428320104 0.00747250470995 0.0177546597926 0.136969545234 0.0219438161042 -0.106447466317 -0.265968573935 0.0360513471993 0.270846915399 0.193408675698 0.0924495241697 -0.0686825525922 0.035400726288 -0.0284538810036 -0.266605741359 -0.10612969711 -0.0238997953195 0.029608794923
hp+sv 0.0652164954263 0.0018621536967 0.255180967735 0.166111325881 0.161124924302 0.0472805845105 -0.0219561596391 0.127988310496 0.0077877563184 -0.207933402964 -0.203964662147 0.0798620697489 0.0761387605189 -0.33355988629 -0.0638323213282 0.0811778107606 0.162141548479 -0.0463645439461 -0.0118216183531 0.053160711063 0.0392551935803 -0.149932787689 -0.139678621484 -0.0786211083387 0.306918600523
vmfin+de 0.137282153919 0.0284171250988 0.308281929029 0.186346639736 0.23961353364 0.136150402595 -0.00790046507783 -0.0105283347402 -0.0311568310822 -0.0869318698763 0.0143136004448 0.118131332767 -0.049081742905 -0.340866457005 -0.115363467258 0.0677097956934 0.164702750535 -0.0870362709951 0.0319698847224 -0.040990754947 -0.0596142600679 -0.0917789945115 0.0411737647411 -0.113109368392 0.0428626178146
ab+sv 0.102521790774 -0.0363543228645 0.10262133638 0.235982215358 0.225806533469 0.0191886094834 -0.112752752042 0.160784023658 0.116532873426 -0.219581505466 -0.258796359098 0.013229717539 0.202819680743 -0.418684834107 -0.0603645776161 0.161987467006 0.188964218862 -0.14927340253 -0.0179561820924 0.170086591401 -0.0278266729284 -0.17321482358 -0.157183875888 -0.0222917098421 0.258484918821
t+hu 0.114766631371 -0.0474770186057 -0.0200296436164 -0.113818978606 0.237196310743 0.0126739383344 0.202482388435 0.181759734228 0.0567630314178 -0.16246465564 0.197896197158 0.0567158815992 -0.0734759007764 -0.190613129919 0.149046700963 0.104828664675 -0.0917792007677 -0.0611210690996 -0.165920421339 -0.0785879464189 0.0216123655391 -0.201072309175 -0.0275450018764 0.0729062659161 0.0506578061153
pl+sv -0.0540162925785 0.0427852887157 0.1722139629 0.126879661011 0.144266546812 0.136077757045 0.0671663922811 0.115163810132 0.0129766818619 -0.214783306987 -0.361410725303 0.176624379857 0.126794336405 -0.248093016882 0.0288499913131 0.132748633177 0.104723787997 -0.222135315997 0.0870718256878 0.185022578292 0.0348106910232 -0.0973863000068 -0.106997771068 -0.0940849477587 0.432608858337
noun 0.0866214355692 0.0459563894185 -0.0291778209232 0.0625072071916 0.194074343764 -0.216273975904 -0.0704068781781 0.0737357217503 0.219696645141 -0.147270657937 -0.128581532413 0.0177655362792 0.0789957960565 -0.283835501683 0.117896426504 0.448634423004 0.0427177393188 0.00465861237656 0.0262555859679 0.270313789352 -0.0986013846531 -0.118932647015 0.0229404530884 -0.0576423477732 0.252154453814
inf+pl 0.129646620641 -0.0591068586567 0.108260364131 0.263301168653 0.284009054549 0.119521692213 0.0925365956446 0.185415571098 0.114447014687 -0.136076286736 -0.163681816291 0.0937644627364 0.0210746785699 -0.36853147695 0.0136287719396 0.123677921429 0.0108328997783 -0.129715595846 0.00611611702495 0.0730345795764 -0.0805984746946 -0.196492106557 0.00673219825807 -0.0912616297182 0.139885402833
,+hu 0.112754024691 0.0621620457846 0.192187923769 0.00268340693506 0.308490663025 0.131747087799 0.146853513646 0.165593051314 0.0875256341723 0.1410413916 -0.00220739786826 0.0559777717918 -0.0790564972079 -0.147258131299 0.0634598772519 0.140189647398 -0.104968200212 0.218538161254 -0.205438377697 -0.0160673053912 -0.202467761053 -0.0670396263367 0.0169201603878 0.126452936032 -0.00529275006906
ptkant+de 0.103258077909 0.147955808698 0.287068216004 -0.0517870722529 0.0833238918549 0.145464192203 -0.0377992612469 -0.0853315434837 -0.146855766803 -0.0538878095811 -0.0062443221085 0.195735447878 -0.0935694343598 -0.17642055073 -0.158741011605 0.0924540436002 0.18266993299 -0.195099155822 0.064057752339 -0.0459924690929 0.063564979571 -0.0124029090645 0.0245763121006 -0.0844838669729 0.185431380925
clo+fr 0.158954205296 0.0703531783924 0.107727833924 0.134686056317 0.301118748695 -0.0838370658195 -0.0911873312391 0.148736746405 0.0894361535913 -0.239271471594 -0.143450216229 -0.153919767353 0.210935090105 -0.317318036984 -0.0272173405538 0.287746279241 0.0708629931727 -0.00368540135518 -0.114532084426 -0.019046534003 -0.136200555109 -0.268795270554 -0.185023101232 -0.0170696903983 0.240479247735
fin+pl 0.156441131349 -0.12102318866 0.0878231814851 0.32012003308 0.235893669797 0.100910156119 0.0597454040094 0.20996090763 0.122053435026 -0.159871904863 -0.112997235447 0.0615319910844 -0.0199162119675 -0.387729792131 -0.070516125209 0.0464326667789 -0.00661827516288 -0.0847239003091 0.0177618320366 -0.00327185627502 -0.0730075283551 -0.2031819174 0.0249510115882 -0.126784424116 0.0750739493188
det 0.025631760281 -0.0652499509011 -0.127193921659 0.0153975056123 0.261644987971 -0.0916564233631 -0.085152243154 0.269785612041 0.156644163378 -0.252046173304 0.0412953134998 0.0167838148081 0.137886279973 -0.253598696157 -0.0202385441481 0.274880321854 0.0139721696319 -0.112472417354 -0.160409181389 -0.0353715092696 -0.173075797105 -0.142011804639 0.0382186569564 0.117456681111 0.275771446179
kon+de 0.229381153737 0.106235741597 0.242974833674 0.0176082484281 0.074380106512 0.0715844299662 -0.073485981624 0.0427241273088 0.0730214531556 -0.0325144099288 0.162117103804 0.129094825754 -0.184610452419 -0.36070784631 -0.148276338708 0.0977639395525 0.167798201221 -0.11729292953 -0.126619219596 0.0171851775852 -0.0923349587567 -0.0942161738137 -0.0480200130474 -0.0506901448962 0.0578753754441
ptkneg+de 0.00149357788997 0.124689667718 0.310143523989 -0.0529182447421 0.180381944539 0.210746705519 0.002899422175 -0.0159313844172 -0.0898842574983 -0.0225877124685 -0.0349046190207 0.254872521932 -0.102336457624 -0.227661086419 -0.0260623454725 0.1220963231 0.202262842853 -0.0896353190819 0.020539516805 0.066805275136 0.0625455893886 -0.106139247179 -0.0387489183155 -0.0429359770601 0.219048183659
pn+sv 0.0581304237955 0.0682258372142 0.242850424955 0.14131213767 0.298110841929 0.0549304110251 0.0139238502256 0.0738063104647 0.0149047069133 -0.162446939872 -0.255005240682 0.0269963482418 0.151273004272 -0.286382718449 0.0466570601751 0.214386291002 0.128168629727 -0.00952839398983 -0.00641410985114 0.105362097668 -0.0173860649246 -0.19782665743 -0.143311020528 -0.0540380177598 0.285326223737
pad+sv 0.0501950379263 -0.032041241085 -0.0470446573891 0.160862141083 0.158248839955 0.0658246168461 -0.053505592778 0.334036251018 0.25332992331 -0.0549681123518 -0.143749298633 0.138352772972 -0.0478918001496 -0.331564211794 -0.059669996533 0.225493864919 0.0322728519817 -0.0747319934881 -0.106067235594 0.123857460776 -0.216327531915 -0.14826563875 0.0215446565709 0.0238531504384 0.274562124952
adjc+pl -0.195236774531 0.116849149424 -0.017052734306 0.0261735315957 0.00309088150657 0.0123689052333 0.102479576985 -0.036429390762 0.223687735109 -0.166528562613 -0.0532418847619 0.0891851052598 -0.0460894230668 0.0321963941159 0.0464902520624 0.208230080741 -0.042142489205 -0.0130706484199 -0.112597756388 0.135197781905 -0.319908515679 -0.227740048071 0.0125167390676 0.08183587373 0.150861152663
num+pl -0.0541346707688 -0.160748801605 -0.0227055987891 0.0641028767617 0.225333062536 0.312435789565 0.106767328448 0.372498214713 0.0852152378121 -0.0645778360596 -0.321549874259 0.255091959101 -0.133155506754 -0.264380682484 -0.0381159045057 0.0357101378257 -0.0833391391194 -0.133763649727 0.0787847426975 -0.0931563194014 0.0549688022717 -0.232178614737 0.0509719228679 0.00511553318526 0.265386562597
$,+de 0.194265372515 0.104065682583 0.174920936039 0.0889605635168 0.245516544355 0.0793742606572 0.0352318682121 0.127936178216 0.144343547946 0.0976133826752 0.206979082637 0.14345953001 -0.13378517083 -0.282057440867 0.0214315830067 0.197730713367 0.0945346765128 0.0510879947332 -0.237921497655 0.132414070071 -0.256752845836 -0.0631363886657 0.0623833865842 0.0691224885436 0.033340964295
prt -0.0348686457143 0.107535066114 0.221615427573 0.0387942828092 0.0828801152915 0.0812089096167 0.0359049828095 0.0593880483918 -0.046570611845 -0.209418796139 -0.283068077012 0.160633829433 0.153196762715 -0.16274364081 -0.0192320209178 0.123272877294 0.113567227546 -0.238398875213 0.0281457436529 0.129159189192 0.00717061271626 0.0137397209405 -0.105215240829 -0.0585483693136 0.444904616339
pwav+de 0.140640756126 0.141663326963 0.246601137842 -0.0520684208263 0.19304519851 0.0840053924753 -0.143325286214 -0.100826238385 -0.0629865535439 -0.0402103132155 0.0841297506198 -0.00754575550512 -0.095066717585 -0.248790436899 -0.117397272496 0.167584680808 0.205849521583 -0.0390472044194 0.00311228435193 -0.109998340048 0.0108239271298 -0.219312542125 -0.0902552957194 -0.0695847589297 0.00352251307428
adjd+de -0.0215749370605 0.0848004539276 0.140473823708 -0.0352828704554 0.216650403558 0.153009503947 -0.106232473366 0.0182228194194 0.031757874248 -0.0122111842742 0.0291123105257 0.136407853442 -0.136644284198 -0.28618847459 -0.0808836904846 0.216373857133 0.172545746871 -0.0375459011779 0.0161959825396 -0.05587808093 -0.0793952619248 -0.224193291213 0.023191768911 -0.00848690875806 0.108642429969
pact+pl 0.0397474000933 -0.108280925261 0.0481630660085 0.19132058182 0.309196995341 0.114692369084 0.14505129007 0.219447933263 0.077616775557 -0.145230184052 -0.186328355532 0.0880971158568 0.0260050800342 -0.29883358974 0.0442154779894 0.132797983939 -0.0661911159723 -0.0748515578054 0.0349025033324 -0.0301884329393 -0.0551069820415 -0.195550244808 0.0465225145672 -0.066319754486 0.138741226649
conj 0.238102700467 0.016116894983 0.0784686738512 0.16810780983 0.0291668900276 -0.0919745299952 -0.0646177245823 0.181857601563 0.248812797858 -0.158548287195 -0.0586218368543 -0.0464611618884 0.00148821674723 -0.427749908359 -0.138161420258 0.164823665694 0.0220622158116 -0.140091441186 -0.126948647783 0.0851315825649 -0.177955787722 -0.124579754404 -0.166889847022 -0.092144711368 0.116626254581
in+sv 0.0378561692658 0.0274513797704 -0.0334326142341 0.110662455815 0.183006398076 0.176697109596 -0.0497579857885 0.0945169931907 0.14905575837 -0.0813363970859 -0.151744448872 0.051247351864 -0.0706650356046 -0.351184727098 -0.00898358003577 0.197893045148 0.0807395742068 -0.149181195773 0.0628369095917 0.0839941495487 -0.028367440813 -0.420919241276 -0.113916409857 -0.128113671083 0.0450418058222
vpp+fr 0.0810286464748 -0.0471560656114 -0.00337121370317 0.253152918424 0.264509281825 -0.178306888647 -0.0805553605331 0.119804362454 0.145662649002 -0.274466857568 -0.00701113167893 -0.108284661752 0.214864533758 -0.381288640012 -0.00181106111948 0.286084479938 0.120785779081 -0.0534026969563 -0.0578461078057 0.0523805937075 -0.177778735117 -0.183761435251 -0.0655878052578 -0.0623738798849 0.164582655908
subst+pl 0.0514382176676 -0.0299846346912 -0.0362419147184 0.131368882937 0.240639086789 0.018915399264 0.025256399539 0.143702753569 0.175036392686 -0.124914039801 -0.20857770069 0.158183314092 0.0237508782156 -0.337195146235 0.118289132759 0.311837206822 0.0542737105598 -0.167113218905 0.102510560838 0.253158019029 -0.00667880653268 -0.190127484976 0.0251727705416 -0.0781144221123 0.235799999985
cs+fr 0.187695191202 -0.000394141882674 0.0773698041305 0.24553904251 0.0566348394508 -0.141778410727 -0.0695838577993 0.165121224041 0.264652419233 -0.205435118319 -0.128243431034 -0.0612753828203 0.122917166913 -0.465963958246 -0.123509450006 0.20971716022 0.0580870926608 -0.123554903503 -0.0958907444051 0.159316927335 -0.20381860617 -0.099513257991 -0.166266173244 -0.0838757229207 0.171273637633
p+fr 0.0674477219129 0.0264702604052 0.0502526367627 0.10105501319 0.190773261571 -0.00792497637378 -0.0355033363205 0.181698377818 0.284754470906 -0.0898852087644 -0.171813540986 -0.0296639275228 0.256802231709 -0.391940836534 -0.108868622063 0.26154440979 0.0509864302632 -0.199876093878 -0.208308010589 0.0732760268231 -0.379376320927 0.0997006144848 -0.14468919733 0.153649024835 0.0439842086168
pposat+de 0.173359007918 0.0480430120475 0.230689184281 -0.149943171348 0.150370964119 -0.000839721045444 -0.0176009368631 0.0518748913589 -0.0708983212005 -0.0920939207297 0.21436392621 0.0701362689034 -0.132121049459 -0.214820620008 -0.0562479016752 0.0880318801725 0.113010650294 0.0136146454284 -0.144179334961 -0.171477429874 0.0626471691841 -0.0945245451238 -0.0555386288614 0.0303743932063 0.119043936776
m+hu -0.121430195613 -0.107310569334 0.02727577848 -0.206300727253 0.15687698436 0.267066554821 0.129130274967 0.252049395535 0.0543353504773 0.0250308185099 -0.114212469971 0.17700599425 -0.242724951113 -0.251898385285 0.0104785860766 0.0407136691436 -0.0512097158717 0.0100307806435 0.0320786455393 -0.219465895738 0.11776245003 -0.286264283588 -0.11593527399 0.0583493201901 0.0744984013066
y+hu 0.0909722691282 0.0581886142922 -0.18119899725 -0.0881943322282 0.155002764698 0.195286689575 0.0467218941045 0.0401619640854 0.0999204116322 0.070729718083 0.046342715709 0.0216904672229 -0.138709136998 -0.272786187149 -0.0279475160574 0.249151936234 -0.0530741231979 -0.0673895829072 -0.065290809376 0.087507089875 -0.107235411755 -0.371109421974 -0.111395997035 -0.0148565119787 -0.261727435969
bedzie+pl 0.103716630222 -0.0904490195487 0.11496662391 0.224035717539 0.310235373177 0.130697964297 0.147762229615 0.213135554105 0.122124691549 -0.131750127936 -0.145420364373 0.0871512401669 0.0185304198903 -0.381572428755 0.0187334058937 0.118802322538 -0.0158230607763 -0.098348832657 -0.0202732699406 0.013888381941 -0.0970771100283 -0.181154239538 -0.0225940207427 -0.0618705593438 0.123381493405
vapp+de 0.144328219139 0.0135703524476 0.275020982348 0.180145282788 0.318253217375 0.123257945029 -0.0656187546148 0.00698763756785 -0.0360125295747 -0.0124075473228 0.0369743805321 0.0770650501083 -0.0648334018071 -0.288235285296 -0.125940891954 0.107460923028 0.112022561737 0.0439916681217 0.0195855242235 -0.111809160301 -0.100949859668 -0.101045328184 0.117716724464 -0.0618368331907 0.005949548358
o+hu 0.081451252237 0.0687058398337 -0.0880013065181 -0.028372835424 0.259661644378 0.200300816972 0.114521721389 0.0254382971845 0.129373819694 0.0730321975158 0.0856482654875 -0.0376484377967 -0.163815983077 -0.162033959163 0.138435251663 0.159072026866 -0.0772283448785 -0.0149383517066 -0.052845529455 -0.0208840757969 -0.0795475118609 -0.391567126758 -0.0597925429458 -0.0132350311975 -0.222230596977
ponct+fr 0.269330351859 0.0729874980323 0.0408438526759 0.176510844191 0.195900960305 -0.0884231332204 -0.127533909496 0.245907637714 0.277108857606 -0.0404043994771 -0.100563406921 -0.0310036519511 0.0683892150002 -0.297949106481 -0.096944757189 0.318084230977 -0.0456672283822 0.00660189484885 -0.21313135992 0.130179289026 -0.337064628357 -0.0385416748327 0.0229326117483 0.0516531150401 0.204982218559
;+hu 0.152188352961 0.0382784193394 0.0980286546443 -0.0309909580865 0.300799765557 0.192401785669 0.139309998861 0.161399433388 0.131393377116 0.109912054622 0.0642809792571 0.0825017217845 -0.147591284048 -0.228847629935 0.0322936217178 0.14058526702 -0.0751969656153 0.0313368521538 -0.158627184988 -0.0561615234418 -0.164150645286 -0.151902724508 0.0147236358879 0.0857839111394 -0.0728964848162
cls+fr 0.124310636286 0.112395999026 0.12014919965 0.0931072409667 0.30519340662 -0.080042418546 -0.13191431906 0.0748778008771 0.0303520013134 -0.232452824986 -0.144149990959 -0.191039878812 0.221655298008 -0.261937552102 -0.00625366667238 0.299804227565 0.129300515798 0.0193256102382 -0.106268736018 -0.00885481961565 -0.0864003576142 -0.31100129584 -0.209309330511 -0.00711838123251 0.244989928717
appo+de 0.15422036077 0.0713266637275 0.218086086528 -0.0274598348712 0.215918742989 0.144310796471 -0.0907706279186 0.0167631811962 0.0665261661089 0.0170598082367 0.124050084511 0.113799330028 -0.0881924629333 -0.319280647807 -0.140082643304 0.151003113729 0.16870243083 -0.14001346405 -0.131249614449 -0.0586019854513 -0.144186978859 -0.0240273469928 0.0127541984207 0.0722825921876 -0.0485552675991
det+fr 0.0336974402685 -0.0723703605621 -0.211217314207 0.0432699809236 0.26857871202 -0.102057328512 -0.131894183056 0.306415587078 0.172987228198 -0.266717794421 0.0462515165633 -0.025832078436 0.174252578002 -0.245025940669 -0.0287879276719 0.308827731137 0.0183072995262 -0.163897585514 -0.190049848653 -0.0612498903347 -0.223472597721 -0.154380943041 0.040840040537 0.134549995846 0.287589157728
prelat+de 0.194093935951 0.0908675616619 0.266902369936 -0.111904602438 0.191529756125 0.0535002019276 -0.0948951785701 -0.00631641068501 -0.0530139994274 -0.05575595623 0.178313720774 0.039172527373 -0.113878359779 -0.243912721135 -0.11141667825 0.132832072489 0.178968165555 -0.0240969106252 -0.101973292078 -0.140694000351 0.0115674564601 -0.171173322958 -0.062109581023 0.00050892415683 0.0694502054277
proav+de 0.131090586282 0.154335480995 0.273080167348 -0.0189312607029 0.248323405035 0.0639786774539 -0.0877364969869 -0.0661890360163 -0.02624828683 0.00321385975503 0.114163543626 0.044195471551 -0.107317602113 -0.291773537489 -0.0283662524428 0.235395405049 0.212947736262 0.0552423925798 -0.0497814121422 0.00115857955614 -0.0250591734663 -0.23664710338 -0.0816316185363 -0.047830764748 0.040041090862
praet+pl 0.124225336649 -0.139719483513 0.105981366125 0.312795939058 0.241160448456 0.0896575759943 0.0588959679697 0.203903152877 0.0907627314042 -0.19615860695 -0.126296349495 0.0463590300604 0.0034146637484 -0.397044204869 -0.0924267944863 0.033565737112 0.0109805503301 -0.0773892043722 0.0316226633347 -0.055043277823 -0.0587518181495 -0.196476440669 0.018462770064 -0.117093184925 0.0900899527669
prorel+fr 0.140159369553 0.093958002001 0.105810095122 0.126295111469 0.21929370885 -0.110735889238 -0.135519328258 0.115282592854 0.101345891385 -0.241893078966 -0.189603567777 -0.190161899902 0.227382839067 -0.29059407456 -0.0612070170943 0.271080144145 0.0967649093986 -0.0317486296383 -0.123117218188 0.0144513271548 -0.130387259599 -0.233126060395 -0.215636136218 -0.0214502887623 0.250498892106
adjwh+fr 0.0562361077879 0.0214056393944 -0.0983609803548 0.177787009404 0.0728058114911 -0.0327264022556 0.0268030190785 -0.028938507963 0.091104068914 -0.294607990254 0.00471544625697 -0.0133040022908 -0.0289796980299 -0.163581722216 -0.00249440925659 0.344024816147 0.213353661571 -0.023976706846 0.0554760491497 -0.0437081673376 -0.275452175361 -0.262504732061 -0.105407793926 -0.00366177784217 0.324036980259
ger+pl 0.0346343320712 -0.122912596854 0.0291527830711 0.192467520247 0.317092006123 0.0970888935145 0.133798755387 0.216949238293 0.0980944931335 -0.13706089932 -0.146207355873 0.124706752031 0.0169520544951 -0.333565066957 0.0507873378594 0.165929580964 -0.028537852102 -0.0892384691368 0.0447183479017 0.00399409821716 -0.0594100023417 -0.178516585453 0.0521693901667 -0.0629284120871 0.145807380777
vimp+fr 0.0856314734012 0.0275118034884 0.0806413685229 0.148529181945 0.249929227882 -0.0749773310412 0.011246831519 0.206072406995 0.163662753963 -0.229442718682 -0.185463108627 -0.0292429062762 0.130025118946 -0.298110192649 -0.0313912531782 0.261796003431 -0.00396730791282 0.00508769427971 -0.114660426829 0.128935428601 -0.184230036831 -0.21622400682 0.00937253706345 0.00269899434688 0.287038871574
ie+sv -0.0378664316148 0.0411855627473 0.210848485071 0.104073174595 0.130749710245 0.120559677485 0.106590576563 0.0992247665665 -0.0320399296224 -0.233247700215 -0.338219046694 0.205338182414 0.152125716445 -0.209706839918 0.0677305817232 0.0760102351417 0.118874456741 -0.235832970017 0.06111394232 0.207056962307 0.0934876625344 -0.0374112196897 -0.121558884825 -0.0812800048222 0.442531473486
adv+fr 0.111654408726 -0.0447067582628 0.0594115700228 0.278112323182 0.305867786029 -0.143048698624 -0.120218533132 0.124974134261 0.141714979502 -0.251976564182 -0.100461570759 -0.113772628444 0.297375909954 -0.422387968738 -0.00409527206149 0.249335022129 0.179905857477 -0.00823681736365 -0.0886652921961 0.148614795658 -0.124254030962 -0.175223919685 -0.154229954469 0.00624043223592 0.16792033141
pro+fr 0.080791828157 0.0564239124888 -0.0073651817585 0.0891376557935 0.200436269128 -0.175206702063 -0.124104720418 0.123765395476 0.123217282084 -0.260392032627 -0.0787549988232 -0.124452304352 0.143201960001 -0.287535547137 0.0283225653873 0.337081862488 0.10209584872 0.0176247336326 -0.0736630034565 0.0804034722386 -0.0723448630757 -0.314613693178 -0.149445110696 -0.0541180340818 0.28276251451
adj+fr -0.0422563795721 0.0648208202938 -0.105001797325 0.0650121840103 0.0963305944151 -0.103517573401 -0.153041273496 0.148840320941 0.181038415474 -0.311820086335 -0.132739837618 -0.045117669153 0.165534667761 -0.268385580562 -0.086334228338 0.33991855165 0.11962123393 -0.241596812541 -0.048846649932 0.0460035459614 -0.229288373264 -0.180185704669 -0.0365796803502 -0.00467649074113 0.373115720243
apzr+de 0.156155233057 0.0786677083027 0.195594490668 -0.0132931233408 0.18538700386 0.148063325168 -0.083120318312 0.0198944689253 0.0768942633451 0.00969416437554 0.133299509964 0.124596356315 -0.0825971916014 -0.350382881581 -0.146792371628 0.152031167159 0.175584914716 -0.167114280805 -0.106020115565 -0.0354487115785 -0.141143321357 -0.0384821451716 -0.00539748902866 0.0530756894713 -0.0598064934359
vinf+fr 0.079035965428 -0.083019629822 -0.00262994246439 0.205379362327 0.225964748799 -0.266145130408 -0.0136347892529 0.143938459642 0.176204579523 -0.250787245634 0.0877106324316 -0.0541707538097 0.150982345259 -0.411022827911 0.0647983301702 0.302535990925 0.109641035817 0.0265831129867 -0.0872994171712 0.113817060703 -0.133535065289 -0.142597787129 -0.0606070055787 -0.0645205426793 0.163765044958
a+hu -0.108803953693 0.0158639535744 -0.0728279389617 -0.139044163387 0.204413207863 0.163147620897 0.114166070827 0.08317801714 0.103326949121 -0.0301933519362 -0.0109821350773 0.0341614206561 -0.0571610343034 -0.180260877088 0.0426638779272 0.189445387187 -0.0472340206625 -0.1326358588 -0.0200474077198 -0.148177677536 -0.132511311081 -0.21227807446 -0.0433173799587 0.0831938622761 -0.0375182389816
pdat+de 0.163405772901 0.0326700297819 0.22701987475 -0.11938777402 0.143806107099 0.0236898612781 -0.0557517703388 0.0595586840303 -0.0554948554678 -0.0877657628391 0.192871787177 0.0809697174798 -0.136343058456 -0.253043585634 -0.105051319638 0.0791204031833 0.151641659393 -0.0132423538634 -0.121533486767 -0.178413321261 0.0422427705169 -0.0988763359982 -0.0537005175286 0.023398592073 0.109661350491
vvinf+de 0.0947066107771 -0.0420860459953 0.30593853215 0.156862685561 0.248324648383 0.0656282075958 -0.0185064304249 -0.0111588858851 -0.0548454630011 0.0028339937755 0.0265899629365 0.146999915932 -0.0532095822217 -0.301144891013 -0.0971574510264 0.0472250232277 0.134139619042 0.0623711683261 0.0882924110934 -0.0552713070311 -0.0129894684222 -0.00259731552203 0.110136044827 -0.0825923234833 -0.0112844873559
piat+de 0.156898924728 0.0998715025328 0.212956402226 -0.151324102738 0.132976627228 0.0226579676971 -0.0597192867236 0.0189941587068 -0.020520398241 -0.0795591416452 0.218446206332 0.0488351165056 -0.143564694523 -0.273528696627 -0.0684661005473 0.146218205116 0.169880573664 -0.0380350760264 -0.140032792769 -0.128432167445 0.01061995996 -0.160242168515 -0.116274564721 0.00284068866808 0.0869774051766
adjp+pl -0.0119877766374 -0.00342309853738 0.0196204840071 0.110224445095 0.251567058622 0.171901474453 0.0628503732439 0.169572862835 0.122885667022 -0.135554153516 -0.193896032825 0.116794633111 -0.00373462249317 -0.295187752813 0.0549345780166 0.196870790204 0.0268658401652 -0.202677885473 0.0655444907335 0.0115492399312 -0.0628323747006 -0.28715231552 0.0239860802529 -0.0346369783615 0.174034315148
impt+pl 0.0736133770185 -0.0994688759307 0.0800516030305 0.218210531048 0.298395014064 0.131776200349 0.121390908728 0.194235265445 0.099930193985 -0.134960759161 -0.155219115922 0.0876647406717 0.00369145531058 -0.356922576364 0.0130709202984 0.123981043022 -0.0391704284267 -0.0873368182799 0.0467437310679 -0.0112302933339 -0.0492386147023 -0.224740508841 0.0263978047479 -0.0847423314456 0.117822394613
ppas+pl 0.0494864943731 -0.0775732173107 0.0915800702174 0.179527818248 0.322829402781 0.118841297104 0.129769704541 0.180727129572 0.0555706554739 -0.151179914052 -0.18408994503 0.108293963708 0.0310490365735 -0.299826875486 0.0397327629861 0.161095838342 -0.0256512778615 -0.0977353006578 0.0553589841897 -0.00599006718146 -0.0383159298998 -0.194676006841 0.0403343546779 -0.070608651022 0.175139567751
-+hu 0.0808163937459 0.0190706361271 0.116943983443 -0.0609413513881 0.108771510387 0.111457625541 0.0301953945035 0.053286182119 0.195104564573 0.163316403629 0.117469209654 0.0962195609051 -0.0799731073986 -0.185479026051 -0.0084193684397 0.0828366064461 -0.0285061891219 0.130280874322 -0.252943451314 0.232297220165 -0.0705797064408 0.103534144878 0.120831882132 0.00218695218774 0.245073678293
vainf+de 0.116090163517 -0.00577273458921 0.285555533344 0.167233415826 0.295847913095 0.114891172683 -0.0519314451719 -0.0160687026608 -0.0462542114659 0.00500566930129 0.00251381981231 0.101290069136 -0.0632153112239 -0.292233328608 -0.119168008146 0.0899252626818 0.113998302176 0.0594155668021 0.0580243348246 -0.0919443811956 -0.0575588384696 -0.1017924086 0.100072929282 -0.0794480958135 -0.00438129176314
p+d+fr 0.111411630768 0.0202420180765 -0.0458557122284 0.070685194669 0.191697156086 0.0895071118985 -0.107291088893 0.271973567987 0.201405960202 -0.149709975667 -0.19473010451 -0.000214259894878 0.190808666216 -0.260847551313 -0.151669568112 0.202232212459 0.0146145723923 -0.313099145286 -0.209782534595 -0.0248503651045 -0.301284594633 0.0171235682052 -0.0281664973398 0.162177773102 0.185044104394
prep+pl 0.0327638506074 -0.0822900226292 0.0549145437694 0.0850314362457 0.218399334865 0.175106359951 0.106785627115 0.314888617891 0.236868470002 -0.0560013826971 -0.159667500437 0.131878993111 0.0360428114495 -0.42303139136 -0.0665028733198 0.112715611864 0.0143408406485 -0.206842334451 -0.162820759327 0.00131030800196 -0.230105489379 -0.0264068160463 -0.0923805893601 0.121016303965 0.0854847465093
dt+sv 0.0280617838761 -0.0605956854383 -0.0915886397571 -0.00393474074896 0.186307978695 -0.0123877630345 0.00771240625636 0.289953290868 0.134930425288 -0.304999296782 -0.0380718693956 0.130517053818 0.0613033944105 -0.30692643754 0.0316185674813 0.21251675905 0.047434056227 -0.250423436165 -0.107455119662 0.0435908687669 -0.0294875371256 -0.179604412493 -0.0393344468311 0.0392892055646 0.385131419684
*UNKNOWN* 0.134021824161 0.103137016995 -0.238389406953 0.187979137142 0.13485989937 0.0951776082458 -0.138491668697 0.0435354863789 0.225484916488 -0.0265824273678 -0.00445983489672 -0.115420994516 -0.0660081679327 -0.182947766463 0.0306500039163 0.217085405755 0.00874132175276 -0.101527492872 -0.0507473748964 0.155929734734 -0.158507250321 -0.442933634937 -0.0422757150505 -0.0976471994053 -0.0774290226054
