160 50
noun 0.001707 -0.092740 0.737020 0.394329 -0.061780 -0.507412 -0.622589 -0.350655 0.194692 0.582897 1.131739 0.021445 -0.287304 -0.111242 -0.363370 0.335447 -0.004008 -0.181141 0.215667 0.560486 -0.127601 -0.137009 0.390229 -0.743092 -0.116460 -0.063707 -0.396532 0.392468 0.648561 0.167262 -0.223228 -0.366924 -0.408498 0.012142 0.342075 -0.630075 -0.020467 0.647879 0.565211 -0.676830 0.185706 -0.116988 0.225361 0.862626 -0.645406 0.165241 -0.127756 0.106865 -0.154431 -0.168893
. -0.219732 -0.191228 0.206732 0.202208 0.181153 -0.492722 -0.368488 -0.424949 0.169747 0.447269 0.753281 -0.139463 -0.223375 -0.138704 -0.040584 0.187550 -0.092453 -0.401284 -0.038980 0.612765 0.188600 0.335665 0.582536 -0.797424 -0.179136 -0.055124 -0.579736 0.365982 0.433788 0.155506 -0.207940 -0.924813 -0.290606 0.032474 0.208136 -0.498193 -0.241545 0.816170 0.414192 -0.523981 0.052972 0.244061 -0.008533 1.043351 -1.240944 0.421135 0.307179 -0.053740 -0.243238 -0.178136
verb -0.239937 0.147893 0.643531 0.132535 0.030975 -0.483926 -0.441410 -0.327610 0.160608 0.419322 0.569553 0.133547 -0.330021 -0.333194 0.287854 0.374470 -0.467893 0.102599 -0.132640 0.281854 -0.154458 0.498552 0.278533 -0.874604 -0.427116 -0.330235 -0.384759 -0.250846 0.662294 0.341792 -0.110225 -0.487024 -0.482905 -0.223362 0.214008 -0.457676 -0.194990 0.567237 0.379446 -0.507588 -0.041724 0.190575 -0.143427 1.444773 -1.087851 0.054475 0.272189 0.018055 -0.644871 0.378057
adp -0.424456 0.229861 0.188793 0.265927 0.118198 -0.581527 -0.319296 -0.205581 -0.069932 0.321518 0.795354 0.273151 -0.342109 -0.137028 -0.196278 0.295752 -0.155585 -0.147436 0.185828 0.529394 0.442448 0.003867 0.147707 -0.897334 -0.006026 -0.531734 -0.543356 -0.035886 0.592358 0.173176 -0.112805 -1.031633 -0.368937 -0.053756 0.593922 -0.592112 0.344012 0.804929 0.191047 -0.461470 0.066001 0.030427 -0.005906 0.800779 -1.174268 0.108616 -0.078575 -0.170596 -0.071253 -0.276268
det -0.558490 0.049146 0.490791 0.169576 0.022830 -0.776896 -0.471535 -0.244843 0.095082 0.491126 1.074156 0.072579 0.140555 0.017046 -0.359025 0.243668 -0.532764 -0.067443 0.310948 0.495780 0.114071 0.206678 0.559657 -0.854457 -0.444094 -0.270014 -0.491193 0.261965 0.678745 -0.008246 -0.015808 -0.639528 -0.575008 0.201584 0.018393 -0.514143 -0.269985 0.695435 0.219861 0.073846 -0.299478 -0.014772 0.266076 0.632817 -0.715877 0.054512 -0.342488 0.062104 -0.467202 0.240715
adj -0.041118 -0.074199 0.757391 0.228361 0.183791 -0.665055 -0.596871 -0.288694 0.122724 0.403826 0.845911 0.061069 -0.059391 -0.031798 -0.286425 0.364935 0.028925 -0.083904 -0.030178 0.342900 0.241013 0.133050 0.532876 -0.895894 -0.317417 -0.242075 -0.435131 0.049038 0.636218 0.265933 -0.122107 -0.344481 -0.442294 0.099703 0.357013 -0.647322 0.178179 0.829148 0.036621 -0.304525 -0.007601 -0.298208 0.315155 0.569559 -0.639731 -0.067856 -0.189359 -0.259689 -0.323547 -0.463131
nn+fr 0.005489 0.072416 0.391347 0.598911 -0.046612 -0.156937 -0.312986 0.003938 -0.361896 0.409417 0.927288 -0.015321 0.239883 0.069629 -0.008812 0.199681 0.456681 -0.399738 -0.160346 0.165218 0.047386 -0.310753 -0.143348 -0.539556 -0.621506 0.016302 0.267055 0.338924 0.761975 0.454004 0.159978 -0.269869 0.029394 -0.380591 0.052131 -0.515992 -0.039419 0.224165 0.282342 -0.317247 0.520761 -0.171906 0.716582 0.677876 -0.436672 0.260903 -0.480683 -0.096260 -0.607371 -0.406271
nc+fr 0.019198 -0.122371 0.839669 0.356068 -0.027447 -0.514838 -0.732622 -0.440860 0.171963 0.630592 1.077276 0.073857 -0.356223 -0.025562 -0.431946 0.450732 -0.032662 -0.009548 0.160068 0.496207 -0.173285 -0.120389 0.421187 -0.767412 -0.168149 -0.113952 -0.417978 0.132253 0.708576 0.164674 -0.196188 -0.287105 -0.411534 -0.019388 0.325842 -0.594011 0.044852 0.712391 0.533854 -0.633534 0.208284 -0.274374 0.263122 0.900475 -0.542049 0.050246 -0.155383 0.067877 -0.283358 -0.087138
n+fr -0.255750 -0.264980 0.066670 -0.006201 -0.527695 0.323166 0.026983 0.315008 0.184081 -0.075223 -0.432791 -0.111044 -0.119384 0.092127 -0.549193 0.233703 -0.427084 0.000766 0.024572 0.300586 -0.088610 -0.001500 0.324641 0.088973 0.551000 -0.050577 -0.168653 0.062719 0.172957 -0.002286 -0.500342 0.005022 0.265256 -0.184555 -0.177800 -0.145827 -0.244126 0.158892 -0.086804 -0.756108 0.268481 -0.406289 0.034203 0.436101 0.133599 0.080106 0.000271 0.723175 -0.317346 -0.035040
adv 0.008354 0.258988 0.439326 0.155607 -0.022430 -0.642067 -0.515394 -0.391844 0.196392 0.300429 0.862637 0.216956 -0.330559 -0.218949 -0.109367 0.430617 -0.307770 0.187662 -0.139229 0.437523 -0.010575 0.432560 -0.051307 -0.718308 -0.506188 -0.192364 -0.600606 -0.163838 0.710877 0.259471 -0.301469 -0.395505 -0.527413 -0.188733 0.033848 -0.535257 -0.083985 0.524874 0.320070 -0.095932 0.234889 0.041613 0.130483 1.108013 -0.848545 -0.049083 0.194605 -0.063824 -0.493190 -0.015081
p+fr -0.502924 0.226002 0.174247 0.365720 0.107387 -0.557216 -0.213334 -0.125120 -0.152800 0.304623 0.634244 0.257727 -0.382298 -0.193085 -0.076808 0.292187 -0.178335 -0.063307 0.171172 0.375770 0.395891 0.016395 0.114823 -0.902215 -0.004556 -0.495261 -0.355199 -0.088936 0.643540 0.127785 -0.093856 -0.966496 -0.375853 -0.117656 0.526007 -0.457876 0.316217 0.785200 0.247471 -0.420647 0.141991 0.004763 0.004035 0.892551 -1.222381 0.199394 -0.092662 -0.118632 -0.173375 -0.111734
pron 0.042767 0.582833 0.531403 0.031494 -0.416926 -0.452562 -0.434084 -0.004996 0.320846 0.057323 0.464229 0.362557 0.060422 -0.560358 -0.018807 0.169157 -0.397995 0.152074 -0.302005 0.263823 0.085007 0.544677 -0.004470 -0.926507 -0.385385 -0.321536 -0.345172 0.254111 0.699304 0.439152 -0.458908 -0.252100 -0.499860 -0.033607 0.165596 -0.724152 -0.212733 0.507915 0.267695 -0.323299 -0.009508 0.138006 0.102358 1.087250 -1.016850 -0.008401 0.108634 0.163142 -0.530332 -0.146920
det+fr -0.410899 0.125972 0.344359 0.158362 -0.087097 -0.700191 -0.434717 -0.317407 0.051653 0.415792 1.061392 0.271487 0.043021 0.067342 -0.425921 0.179067 -0.492383 -0.112702 0.245776 0.512711 0.159723 0.225204 0.416033 -0.864395 -0.455452 -0.362875 -0.550238 0.257148 0.574219 0.041005 -0.011367 -0.633352 -0.477029 0.144790 0.109696 -0.460521 -0.230486 0.632828 0.169701 0.063583 -0.243102 -0.037068 0.242294 0.587564 -0.688571 0.147890 -0.393693 0.095898 -0.412366 0.171925
conj -0.001697 -0.250635 0.315291 0.361526 0.039315 -0.567705 -0.328043 -0.576277 0.070381 0.297769 0.694101 0.056282 -0.438139 -0.178687 0.055819 0.083888 0.106714 -0.215084 -0.288957 0.361982 0.081533 0.230935 0.372942 -0.775316 -0.647230 0.024771 -0.433612 0.140621 0.667907 0.103169 0.099265 -0.362227 -0.133008 0.061992 0.198674 -0.323640 0.017821 0.804700 0.337722 -0.380347 0.178945 0.115266 0.243195 1.102126 -1.066814 0.285456 0.076427 0.015257 -0.263440 0.067112
ponct+fr -0.146128 -0.074370 0.167431 0.271725 0.093313 -0.421804 -0.303993 -0.395994 0.104343 0.362177 0.818025 -0.008118 -0.214152 -0.151961 -0.098207 0.124698 -0.024096 -0.372073 -0.033290 0.562286 0.163780 0.171175 0.373659 -0.732314 -0.206590 -0.071233 -0.507746 0.388684 0.445695 0.111743 -0.095336 -0.775910 -0.259617 0.046802 0.226097 -0.445087 -0.178943 0.706782 0.406678 -0.439180 0.092199 0.220678 0.106314 0.889360 -1.065582 0.347942 0.139591 -0.019051 -0.162459 -0.174915
v+fr -0.147216 0.173663 0.500273 -0.047299 -0.099967 -0.347942 -0.494109 -0.441610 0.005860 0.553101 0.670318 0.338253 -0.186189 -0.090955 0.233688 0.136999 -0.199460 0.012938 0.078575 0.126873 -0.224951 0.382378 0.267890 -0.633741 -0.428701 -0.473988 -0.156980 -0.218236 0.351858 0.463929 0.046710 -0.643710 -0.184979 -0.201491 0.386053 -0.319097 -0.026203 0.296228 0.639623 -0.447244 0.047997 0.056479 -0.052077 1.049335 -0.889271 0.249754 0.187750 0.021360 -0.544998 0.441784
adj+fr -0.171239 -0.170563 0.601082 0.416604 0.355897 -0.498359 -0.623949 -0.008597 0.026579 0.496868 0.662180 -0.204709 -0.006963 -0.048908 -0.134431 0.371493 -0.028851 -0.111147 0.015607 0.339650 0.286128 -0.085143 0.511738 -0.797571 -0.320215 -0.149703 -0.187447 0.099808 0.672002 0.141168 0.008948 -0.315405 -0.424778 0.066161 0.132639 -0.557549 0.134541 0.686042 -0.016670 -0.290828 -0.154651 -0.119192 0.318767 0.539262 -0.488439 -0.117734 -0.298345 -0.195760 -0.327212 -0.384739
subst+fr -0.431780 -0.160329 -0.123044 0.627635 0.067504 0.015472 -0.056600 0.666817 -0.347694 0.218377 0.012652 -0.448972 0.305080 0.141233 0.048269 0.229104 0.009025 -0.342034 -0.154015 0.146219 0.366295 -0.199308 0.007335 -0.337725 -0.376927 0.104956 0.370613 0.276360 0.810375 0.270690 -0.111429 -0.405726 0.211842 -0.510887 -0.447751 -0.358545 -0.057696 0.095452 -0.203360 -0.266654 0.352253 -0.114495 0.605439 0.714267 -0.356973 0.322134 -0.376574 0.294628 -0.752414 -0.404930
a+fr -0.490728 -0.237834 -0.140300 0.159217 -0.306357 0.334254 0.341232 0.382042 -0.072119 -0.248542 -0.495313 -0.209857 0.004562 0.173025 -0.424140 0.294276 -0.378248 0.052248 -0.146845 0.167855 0.063151 -0.162530 0.052347 0.162471 0.318453 0.130154 -0.108562 -0.071238 0.394428 -0.207476 -0.183732 0.050989 0.343123 -0.221551 -0.405410 -0.012010 -0.199164 0.207584 -0.418491 -0.370531 0.304214 -0.369214 0.262218 0.336249 0.217946 -0.101052 -0.171655 0.584352 -0.386636 0.057565
t+fr -0.686206 -0.310788 -0.281570 0.132698 -0.175109 -0.061158 0.369933 0.036542 -0.057683 -0.205318 0.097603 -0.083769 -0.275061 0.496637 -0.886845 0.381967 -0.546007 0.001817 0.244204 0.536745 0.163496 -0.182076 0.101298 0.202173 0.397177 0.018727 -0.714460 -0.254971 0.325646 -0.435635 -0.239631 -0.214507 0.242054 -0.154733 -0.278921 -0.021896 -0.034773 0.337406 -0.567874 -0.075656 0.315680 -0.537458 0.200868 0.088918 0.341394 -0.169498 -0.281919 0.454394 -0.119187 0.034038
adv+fr -0.021122 0.390168 0.462044 0.216844 -0.028965 -0.460470 -0.272213 -0.181547 0.105927 0.158524 0.825695 0.216513 -0.131470 -0.212209 -0.065115 0.403230 -0.272177 0.100703 -0.055063 0.398910 -0.024181 0.307630 -0.190179 -0.629281 -0.331773 -0.243504 -0.395162 -0.020539 0.542320 0.279777 -0.219242 -0.260078 -0.655762 -0.227689 0.055735 -0.470996 -0.231607 0.312282 0.183348 -0.039038 0.225426 0.039749 0.150871 0.778879 -0.649055 -0.023902 -0.012388 -0.148692 -0.431666 -0.155752
vb+fr -0.254519 0.024036 0.032541 0.471705 0.088189 -0.168304 -0.002656 0.219583 -0.447483 0.222661 0.365225 -0.156829 0.463409 -0.006157 0.471371 -0.075924 0.289597 -0.442034 -0.382091 -0.071953 0.277999 0.044670 -0.019643 -0.483128 -1.025370 0.035423 0.465592 0.265779 0.748871 0.443891 0.391611 -0.325995 0.202083 -0.347334 -0.211232 -0.283571 -0.085226 0.107573 -0.020200 0.004188 0.221371 0.114121 0.684656 0.697555 -0.626135 0.311645 -0.363338 -0.055919 -0.773992 -0.132080
art+fr -0.661934 -0.158191 -0.126172 -0.052125 -0.115131 -0.353880 0.573327 0.017182 -0.030419 -0.291041 0.258783 -0.248935 -0.058781 -0.119121 -0.237551 -0.009311 0.024639 -0.158791 0.071757 0.513905 0.372006 0.235854 0.113782 0.835695 -0.249434 0.051642 -0.496509 -0.446614 0.335793 -0.038706 -0.040212 0.061322 0.348662 -0.019441 -0.245006 -0.268040 0.303004 0.087379 -0.266600 0.280902 0.716242 -0.163078 0.401279 -0.069080 0.146264 -0.570298 0.070716 0.006170 0.207524 -0.293065
r+fr -0.346466 0.041749 -0.107174 -0.104528 -0.467587 0.372638 0.326570 0.104099 0.123950 -0.374246 -0.497367 0.167732 -0.317428 0.003961 -0.442851 0.374426 -0.634651 0.247306 -0.160367 0.294721 -0.070701 0.105293 -0.091279 0.013240 0.637288 -0.180230 -0.473906 -0.249475 0.126838 -0.161720 -0.351844 -0.102745 0.098386 -0.179918 -0.075489 -0.024379 -0.254193 0.312084 -0.294368 -0.564557 0.243462 -0.264710 -0.145787 0.510596 -0.075471 -0.142545 0.154437 0.556607 -0.222681 0.166084
pp+fr -0.333888 -0.166916 -0.242744 0.576209 0.296791 -0.071126 0.111273 -0.088440 -0.680073 0.209630 0.544219 -0.136911 0.107693 0.252876 0.221253 0.096516 0.656185 -0.560085 -0.326331 0.104994 0.437920 -0.378119 -0.215124 -0.280949 -0.647432 0.053468 0.189188 -0.013938 0.633084 0.233884 0.550764 -0.657707 0.461117 -0.400130 0.046721 -0.230178 0.276844 0.350602 -0.056659 -0.094914 0.605518 -0.017838 0.688884 0.511551 -0.624303 0.242886 -0.330059 -0.309768 -0.389921 -0.382933
interp+fr -0.441788 -0.038262 -0.454124 0.688144 0.047013 0.271197 0.466994 0.345960 -0.620725 -0.159177 0.146789 -0.335452 0.320829 0.160835 0.080641 0.196313 0.311550 -0.502423 -0.617968 0.239085 0.447354 -0.326876 -0.452238 -0.101362 -0.560841 0.326071 0.147467 0.239679 0.855866 0.105274 0.306947 -0.355041 0.529105 -0.521205 -0.504025 -0.240617 -0.178883 0.256986 -0.434183 -0.115170 0.712584 -0.028158 0.866538 0.666890 -0.338596 0.101125 -0.381577 0.094068 -0.630813 -0.472053
,+fr -0.426396 -0.335862 -0.178094 -0.135153 -0.613878 0.492968 0.684172 -0.197507 0.136809 -0.528291 -0.282497 -0.086873 0.008455 0.059420 -0.597320 0.060745 -0.487826 -0.210797 -0.454257 0.512882 -0.113254 0.072401 0.321171 0.246515 0.320666 0.286197 -0.691655 0.375069 0.067880 -0.503586 0.073468 0.144713 0.406867 0.249866 -0.396373 0.110468 -0.836052 0.577638 -0.423003 -0.516689 0.099211 -0.126596 0.149602 0.306818 0.140251 -0.140638 -0.035437 0.672339 -0.121994 0.331260
appr+fr -0.557807 -0.034673 0.202986 -0.358378 -0.073840 -0.102384 0.213294 -0.071536 0.053366 0.013792 0.238608 -0.041157 -0.124595 -0.364840 0.190838 -0.064857 0.071052 -0.268923 0.103780 0.532924 0.355412 0.426800 0.424515 0.717521 -0.048846 -0.560157 -0.361818 -0.698875 -0.073708 0.438312 0.090511 -0.326684 0.331600 -0.031422 0.387643 -0.480306 0.502309 0.011244 0.084377 -0.345310 0.519597 0.052477 0.019234 0.104904 -0.200481 -0.628847 0.427023 -0.211011 0.269352 -0.315237
c+fr -0.688047 0.003843 -0.085863 0.251993 -0.265977 0.311961 0.380845 0.230948 -0.214799 -0.191672 -0.253663 0.032488 -0.179778 0.128190 -0.260500 0.552406 -0.495511 0.095332 -0.206354 0.288251 0.066967 -0.118880 -0.215135 -0.226546 0.339243 -0.165633 -0.244955 -0.281292 0.599056 -0.058173 -0.108750 -0.408013 0.158831 -0.442903 -0.155578 -0.157337 -0.166561 0.446512 -0.315535 -0.578223 0.491634 -0.303009 0.232242 0.873280 -0.393488 -0.051412 -0.067312 0.471634 -0.574838 0.150134
num -0.066492 -0.224705 0.129251 0.777445 0.044053 -0.167362 0.341457 0.376388 -0.448943 -0.131001 0.312617 -0.324066 0.318498 0.155684 0.007240 0.139877 0.657865 -0.554972 -0.447766 0.061328 0.430225 -0.320915 -0.183290 -0.271193 -0.630540 0.335690 0.372055 0.449439 0.804952 0.317871 0.177699 0.173179 0.168608 -0.381030 -0.254646 -0.297115 -0.010139 0.285539 -0.464532 -0.114769 0.714249 -0.361304 0.956540 0.312534 -0.231561 0.265732 -0.609612 -0.113393 -0.518178 -0.876316
npp+fr 0.106620 0.052450 0.332929 0.366413 -0.150740 -0.468295 -0.429807 -0.102556 0.088526 0.375036 0.849819 0.114000 -0.065127 0.065071 -0.263695 0.161208 0.000605 -0.272350 0.187406 0.356191 -0.019429 0.029654 0.112276 -0.780652 -0.177721 -0.092244 -0.155826 0.583997 0.471804 0.317227 -0.351645 -0.462584 -0.364790 -0.203505 0.173705 -0.449657 -0.181458 0.295520 0.383388 -0.365318 0.173726 -0.070601 0.227536 0.677652 -0.706620 0.576551 -0.199067 0.132796 -0.375321 -0.317474
ne+fr -0.571840 0.002950 0.046634 -0.020086 -0.138777 0.085813 0.207950 0.480982 -0.037654 0.017815 0.173264 -0.576453 0.583926 -0.497129 0.281644 -0.185531 0.175356 -0.347858 -0.200368 0.383441 0.371397 0.227002 0.233530 1.004694 -0.673556 0.076070 0.134115 -0.171863 0.405049 0.330430 0.144984 0.186271 0.590913 -0.072321 -0.495833 -0.556749 0.129102 -0.355005 0.013832 0.136605 0.544209 0.248760 0.666742 0.063728 0.291727 -0.742450 0.087747 0.064915 -0.099474 -0.399599
adja+fr -0.709409 -0.340900 0.147557 0.019522 0.077368 -0.157512 0.352964 0.304147 -0.340002 0.069035 -0.382983 -0.256593 -0.166389 -0.014685 0.278606 0.203095 0.162504 0.072799 0.145889 -0.148032 0.232798 0.001842 0.188661 0.589137 0.035710 -0.176465 0.337820 -0.861679 0.324109 0.243565 0.078471 -0.143483 0.405375 -0.385633 0.060569 -0.048142 0.673893 0.025002 -0.052062 -0.237637 0.721191 -0.411841 0.188007 0.215266 -0.049127 -0.291088 0.162362 -0.039483 -0.177706 0.008634
jj+fr -0.211087 -0.162057 0.289904 0.534467 0.125150 0.001001 -0.049947 0.147150 -0.624970 0.337969 0.571957 -0.063062 0.412553 0.396484 0.078756 0.183055 0.499094 -0.536197 -0.113294 -0.067559 0.202350 -0.419819 0.031226 -0.410966 -0.538927 -0.143467 0.493681 0.115600 0.536966 0.479330 0.481973 -0.286244 0.260790 -0.420268 0.117914 -0.314119 0.096040 0.154017 -0.195598 -0.255678 0.386099 -0.419544 0.729834 0.234203 -0.126274 0.220983 -0.691694 -0.200481 -0.669891 -0.424755
prep+fr -0.706490 -0.388204 -0.147896 0.615937 0.214871 0.219147 0.413825 0.277169 -0.670969 0.042296 0.011653 -0.336597 0.140752 0.304710 0.132594 0.310020 0.256359 -0.490815 -0.334031 0.138950 0.415639 -0.438567 0.027660 -0.195444 -0.290152 0.008977 0.250597 -0.096630 0.722032 0.112108 0.520553 -0.504670 0.483520 -0.459392 -0.137815 -0.157728 0.097576 0.449434 -0.446949 -0.441340 0.549225 -0.252970 0.696683 0.594883 -0.382867 0.096729 -0.422648 0.040348 -0.591386 -0.247304
ab+fr -0.056024 0.236368 -0.228012 0.490411 0.041475 -0.014783 -0.058368 0.239437 -0.450536 0.130496 0.396864 -0.071528 0.280997 0.069218 0.204775 0.045398 0.391667 -0.269136 -0.313432 -0.010410 0.237923 -0.177298 -0.529889 -0.309572 -0.641294 0.138648 0.328339 0.221554 0.672956 0.350621 0.068353 -0.406478 0.252618 -0.492274 -0.207750 -0.297120 0.060444 -0.060331 0.096119 0.065948 0.500675 0.087457 0.621542 0.595749 -0.474396 0.309359 -0.238894 -0.051129 -0.548241 -0.377391
p+d+fr -0.367549 -0.063991 0.040905 0.293050 0.110193 -0.445418 -0.244007 -0.144800 -0.142254 0.280787 0.639915 0.109805 0.062012 0.081843 -0.322383 0.058964 -0.029561 -0.350958 0.030135 0.392993 0.541018 -0.075076 0.409296 -0.752134 -0.276809 -0.271619 -0.338753 0.300389 0.463743 -0.005573 0.159071 -0.697224 -0.132837 0.198527 0.253186 -0.389839 0.108040 0.752926 -0.075957 -0.138588 -0.137922 -0.070253 0.289000 0.334908 -0.732093 0.175350 -0.427993 -0.088958 -0.143149 -0.263981
.+fr -0.502502 -0.314131 -0.248089 0.156835 -0.212885 0.284928 0.574683 0.040354 0.046921 -0.571462 -0.555014 -0.234962 -0.488268 0.010208 -0.646512 0.552163 -0.420274 0.338848 -0.379209 0.392566 0.108332 -0.217576 -0.168035 0.439738 0.538088 0.357798 -0.668757 -0.494736 0.479733 -0.623287 -0.160852 0.338995 0.306287 -0.054101 -0.469933 0.037363 -0.034609 0.612081 -0.625239 -0.249161 0.556548 -0.371055 0.183672 0.346825 0.340824 -0.674472 0.117721 0.430165 0.018777 0.044077
mad+fr -0.421611 -0.331442 -0.087848 0.743585 0.549361 -0.549598 0.115290 0.250926 -0.485474 0.188539 0.396022 -0.472208 -0.017979 0.177723 0.195219 0.275832 0.477808 -0.318779 -0.031723 0.080080 0.536123 -0.304645 -0.107538 -0.221354 -0.558074 0.215320 0.238836 -0.097519 0.791044 0.119338 0.159716 -0.332497 0.013475 -0.388519 -0.215886 -0.235519 0.414457 0.321513 -0.259787 0.225763 0.571596 -0.150110 0.602291 0.357861 -0.489387 0.149989 -0.346479 -0.377853 -0.314151 -0.550786
$.+fr -0.624012 0.099180 -0.356244 -0.609167 -0.808938 -0.118659 0.588053 -0.459614 0.071970 -0.353550 0.122522 0.238336 0.108254 -0.399893 0.045150 -0.546969 -0.194983 -0.246993 -0.394483 0.378172 0.155060 0.821128 0.293420 0.563104 -0.611139 -0.115262 -0.618667 -0.092900 0.151821 0.059231 0.187853 -0.386770 0.792378 0.219724 -0.144038 -0.169156 -0.163885 0.252877 0.304372 0.000189 0.445297 0.321981 0.264864 0.596694 -0.700423 -0.180052 0.481422 0.443391 -0.094660 0.574520
$,+fr -0.458089 0.065299 -0.201776 -0.416701 -0.331433 0.165121 0.258225 -0.134849 0.246827 -0.295534 0.069332 -0.059135 0.102947 -0.439261 -0.008349 -0.218803 -0.245070 -0.279299 -0.378832 0.676883 0.369111 0.577794 0.368804 0.585292 -0.236323 -0.234337 -0.735476 -0.199243 0.010742 0.090706 0.087783 -0.225360 0.520216 0.224754 -0.082961 -0.430762 -0.064185 0.155887 -0.122091 -0.133840 0.170325 0.393955 0.154351 0.258657 -0.209557 -0.637125 0.426438 0.197265 0.172470 -0.152052
vpp+fr 0.043987 0.275718 0.402768 0.334521 0.001673 -0.433111 -0.267562 -0.208059 0.055619 0.141329 0.736977 0.183156 -0.150354 -0.109327 -0.116576 0.358103 -0.197843 0.076792 -0.165712 0.301320 -0.026784 0.119045 -0.199418 -0.754532 -0.386561 -0.073294 -0.352842 0.120178 0.629312 0.146903 -0.133730 -0.163245 -0.508849 -0.157589 0.039980 -0.398956 -0.190732 0.448673 0.074926 -0.081285 0.121445 0.005872 0.209169 0.799800 -0.586644 0.028827 -0.133072 -0.075169 -0.406517 -0.087704
dt+fr -0.432116 -0.079692 0.060197 0.672556 0.313495 -0.699008 -0.108719 0.269603 -0.389634 0.383978 0.674156 -0.337881 -0.009210 0.097229 0.068317 0.274019 0.243697 -0.091399 0.242289 0.099790 0.252480 -0.208745 -0.240790 -0.204923 -0.620574 0.191764 0.261521 -0.103881 0.953148 0.180114 -0.100742 -0.352679 -0.130674 -0.491514 -0.285120 -0.331909 0.344025 0.090915 0.157116 0.301003 0.628265 -0.168084 0.569956 0.572533 -0.425178 0.189030 -0.333229 -0.161999 -0.459052 -0.246117
pn+fr -0.185194 0.632754 -0.230712 0.338644 -0.144248 -0.073402 -0.049158 0.340061 -0.448853 0.186749 0.629917 0.166883 0.495337 0.160194 0.036120 0.067692 0.006537 -0.209330 -0.004084 0.050070 0.144336 -0.026801 -0.686972 -0.319012 -0.577152 -0.131583 0.284280 0.225501 0.578398 0.484877 -0.135491 -0.543975 0.076314 -0.671962 -0.246731 -0.364772 -0.164697 -0.335134 0.085191 0.252038 0.416399 -0.018398 0.501158 0.497719 -0.294303 0.329554 -0.380873 0.029951 -0.776059 -0.257777
vvfin+fr -0.476450 0.229598 0.029166 -0.266890 -0.261027 0.051148 -0.068413 0.073503 -0.076411 0.243887 0.661383 0.058723 0.259023 -0.056045 -0.059715 -0.178302 -0.013190 -0.452763 0.335289 0.591693 0.221560 0.260199 0.219022 0.599508 -0.245579 -0.621279 -0.242703 -0.343759 -0.021809 0.577321 -0.025127 -0.495604 0.470092 -0.247910 0.219044 -0.601664 0.289468 -0.452208 0.216573 -0.185481 0.443185 0.005669 0.252298 0.020190 0.096706 -0.324304 0.034718 0.049238 -0.041855 -0.347943
m+fr -0.607977 -0.189607 0.009409 0.072041 -0.494458 0.035197 0.564029 0.210868 -0.070279 -0.285220 -0.219549 -0.025087 -0.231643 0.182789 -0.575213 0.348590 -0.350379 0.056488 0.127536 0.302846 -0.026704 -0.027976 -0.005335 0.330261 0.434762 -0.024111 -0.264022 -0.273184 0.366907 -0.093576 -0.342635 0.013237 0.226846 -0.348303 -0.195075 -0.050559 -0.082782 0.227807 -0.262803 -0.429864 0.736543 -0.618257 0.196713 0.362630 0.104469 -0.048451 -0.088701 0.524312 -0.315428 0.040112
praet+fr -0.636167 0.170130 -0.559070 0.322044 -0.106418 0.319539 0.172866 0.522053 -0.755195 0.157150 0.133098 0.021311 0.546060 0.585523 0.060524 -0.031602 -0.043834 -0.415801 -0.037404 -0.060399 0.286900 -0.249069 -0.372920 -0.083095 -0.502199 -0.196446 0.434224 -0.006367 0.530715 0.348791 0.247973 -0.756289 0.715262 -0.755343 -0.319698 -0.112255 0.022919 -0.388780 -0.277993 0.038540 0.338345 -0.192061 0.645383 0.379083 -0.013261 0.381187 -0.569772 0.319664 -0.900309 -0.002215
cc+fr -0.134748 -0.051603 0.183234 0.359960 0.067474 -0.357762 -0.293717 -0.201028 -0.114934 0.332389 0.637164 0.056083 -0.103129 0.027451 -0.158344 0.133132 0.066423 -0.215689 -0.015703 0.264561 0.190436 -0.078571 0.209130 -0.657072 -0.306032 -0.090075 -0.167357 0.223396 0.510812 0.086419 0.061021 -0.466193 -0.148304 -0.011429 0.175263 -0.312447 0.041567 0.559368 0.187880 -0.243211 0.081323 -0.052358 0.266421 0.575982 -0.665190 0.258480 -0.244377 -0.028855 -0.248682 -0.119897
kn+fr -0.376387 -0.195005 -0.179627 0.614748 0.246391 -0.250437 0.114477 0.114588 -0.534082 0.163364 0.446812 -0.272385 0.115483 0.207193 0.093089 0.131863 0.401753 -0.350031 -0.190664 0.082053 0.372774 -0.323988 -0.203290 -0.153726 -0.664643 0.223143 0.198542 0.012525 0.779232 0.106120 0.310981 -0.332318 0.316591 -0.375919 -0.265183 -0.207692 0.221899 0.233106 -0.138303 0.136800 0.542580 -0.097463 0.693527 0.454920 -0.353649 0.132925 -0.403737 -0.122179 -0.442866 -0.259367
prt -0.112458 0.324099 0.126294 0.477603 0.257240 -0.244806 -0.020789 -0.146439 -0.580903 0.345430 0.840822 0.187806 0.237557 0.363462 0.140056 0.348001 0.139021 -0.050543 -0.029755 -0.225951 -0.125934 -0.275839 -0.608474 -0.707082 -0.553959 0.079337 0.266454 0.084666 0.620920 0.168178 0.250103 -0.489457 -0.208281 -0.524625 -0.039162 -0.111607 -0.140335 0.138934 0.073987 0.259230 0.300095 -0.220762 0.427594 0.533621 -0.399245 0.343880 -0.426455 -0.308549 -0.759888 0.174458
$lrb+fr -0.614720 -0.037587 -0.349134 -0.328405 -0.287995 -0.079589 0.277477 -0.108926 -0.132006 0.056415 0.458624 -0.211373 0.438321 -0.218362 0.149223 -0.579429 0.166440 -0.513242 -0.037328 0.393244 0.294102 0.383552 0.342524 0.923264 -0.817899 -0.005099 -0.193399 -0.118451 0.122856 0.179468 0.336291 -0.267980 0.860355 0.114659 -0.290468 -0.303539 0.126390 -0.254274 0.240878 0.323297 0.385844 0.343547 0.494679 -0.018338 0.024047 -0.385320 0.124661 0.094865 0.053056 0.119585
vinf+fr 0.008181 0.197623 0.439926 0.291089 0.031513 -0.268388 -0.283965 -0.314122 0.013361 0.229268 0.706054 0.166252 -0.267369 -0.070407 -0.113701 0.427912 -0.183566 0.134284 -0.095548 0.261532 -0.198657 -0.017514 -0.157293 -0.657078 -0.178792 -0.082212 -0.344644 -0.022859 0.546170 0.064813 -0.078477 -0.205064 -0.425448 -0.186501 0.120527 -0.300909 -0.171452 0.440398 0.203788 -0.245958 0.146184 -0.029787 0.104062 0.812065 -0.483321 0.005302 -0.072912 -0.045685 -0.367290 0.084389
k+fr -0.414288 -0.224558 -0.206576 -0.035960 -0.344299 0.452333 0.129236 0.080233 -0.029681 -0.116319 -0.332208 -0.073481 -0.192416 0.135519 -0.449336 0.230389 -0.301542 0.077205 -0.092529 0.302845 -0.018085 -0.160481 0.063733 0.382044 0.395569 -0.017305 -0.300868 -0.327119 0.206158 -0.160417 -0.117873 -0.113256 0.575451 -0.173585 -0.188805 -0.070735 0.019651 0.152738 -0.126180 -0.485943 0.371837 -0.264481 0.135580 0.345771 0.264095 -0.286435 0.053514 0.551331 -0.151999 0.150558
qub+fr -0.317313 0.222064 -0.157754 0.578223 0.023476 0.425162 0.246059 0.636070 -0.446504 -0.119910 -0.193531 -0.314824 0.286636 -0.151689 0.291006 0.401835 0.074781 -0.137304 -0.586944 0.076033 0.259344 -0.237912 -0.594750 -0.135763 -0.304757 0.114665 0.373247 -0.018278 0.797842 0.278332 0.068452 -0.180804 0.188242 -0.651442 -0.453557 -0.323571 -0.184347 0.055246 -0.286978 -0.295093 0.618042 0.028507 0.593268 0.835330 -0.314862 -0.105424 -0.163146 0.106722 -0.747064 -0.422797
mid+fr -0.374951 -0.059227 -0.333270 0.574095 0.238689 -0.245339 0.217212 0.166342 -0.502827 0.074244 0.397132 -0.212122 0.163702 0.175669 0.157369 0.103911 0.329564 -0.521654 -0.233558 0.207588 0.552876 -0.109603 -0.179919 -0.357851 -0.595695 0.039548 0.100521 0.160193 0.640569 0.250291 0.176954 -0.622103 0.194048 -0.422800 -0.151926 -0.271180 0.071277 0.274539 -0.246354 0.046888 0.490436 0.026564 0.564327 0.535235 -0.708245 0.349851 -0.279421 -0.178620 -0.468539 -0.494613
fin+fr -0.657211 0.036244 -0.480744 0.407830 -0.066894 0.088089 0.190260 0.548266 -0.675134 0.137408 0.182301 -0.110069 0.413770 0.588427 -0.137739 0.057718 -0.015238 -0.348848 0.117044 0.051087 0.335478 -0.285681 -0.320717 0.074213 -0.404491 -0.088679 0.337771 -0.078986 0.613086 0.260759 0.062190 -0.599709 0.631613 -0.744470 -0.380899 -0.144122 0.147122 -0.320595 -0.316173 0.112195 0.508324 -0.359611 0.666750 0.279171 0.109806 0.300788 -0.593736 0.291360 -0.766865 -0.171233
vafin+fr -0.516384 0.104752 -0.031307 -0.180868 -0.519538 -0.056145 0.176723 0.142719 -0.099969 0.116013 0.469305 0.051199 0.228292 -0.054728 -0.163489 -0.190176 -0.007402 -0.406920 0.246688 0.455591 0.160145 0.294794 0.184838 0.556731 -0.259755 -0.378034 -0.094475 -0.163640 0.162080 0.492358 -0.154579 -0.396094 0.531529 -0.295335 0.023214 -0.459773 0.139177 -0.299897 0.253452 -0.240190 0.662828 -0.133259 0.357502 0.228575 -0.088292 -0.061106 0.011723 0.235265 -0.213197 -0.181953
kon+fr -0.658113 0.077023 0.036483 -0.206754 -0.112599 -0.122487 0.294355 0.065576 -0.010065 -0.056831 0.292953 -0.141355 0.122836 -0.380001 0.160553 -0.054077 -0.091316 -0.261343 -0.053366 0.525725 0.377671 0.438622 0.259441 0.580940 -0.341451 -0.325880 -0.360129 -0.445214 0.200126 0.274310 0.100796 -0.280224 0.308483 -0.053281 -0.011971 -0.490418 0.204987 0.008848 -0.050520 -0.025745 0.426709 0.162024 0.246239 0.230099 -0.200795 -0.593271 0.243293 -0.081450 0.008182 -0.203662
vvpp+fr -0.501672 0.344832 0.116158 -0.584527 -0.745558 -0.354696 0.381916 -0.206620 -0.029168 0.032074 0.691957 0.306718 0.268216 -0.225162 0.004201 -0.437705 0.047906 -0.182912 0.340409 0.224476 -0.106813 0.671857 0.090986 0.956573 -0.522914 -0.332425 -0.114410 -0.347272 0.032978 0.567639 -0.119996 -0.159274 0.528807 -0.192265 0.074340 -0.325822 0.164565 -0.490947 0.586050 0.178305 0.852637 -0.125581 0.296228 0.066853 -0.014276 -0.232862 0.251502 0.142964 -0.109367 0.244629
s+fr -0.492182 -0.453022 -0.094838 0.174017 -0.193553 0.317828 0.275433 0.092050 -0.144578 -0.120555 -0.361330 -0.189418 -0.306628 0.265484 -0.459845 0.395132 -0.164124 -0.012996 -0.075807 0.255273 0.041825 -0.335514 0.118247 0.201195 0.481733 0.069859 -0.227902 -0.292107 0.324671 -0.234259 -0.057677 -0.092801 0.433475 -0.204545 -0.135841 -0.004507 0.039896 0.405054 -0.268084 -0.600709 0.486977 -0.450828 0.209152 0.379701 0.122253 -0.133619 -0.055201 0.463015 -0.193526 0.041347
cls+fr 0.101520 0.339849 0.344932 0.199818 -0.095150 -0.534818 -0.281473 0.082564 0.174135 0.053241 0.495349 0.073727 0.045728 -0.297463 -0.029140 0.210555 -0.132726 0.100213 -0.143324 0.204761 0.115069 0.321221 -0.179979 -0.524334 -0.428060 -0.025086 -0.187904 0.182998 0.599305 0.301497 -0.410405 -0.016555 -0.463967 -0.155010 -0.099354 -0.516778 -0.079631 0.200044 0.086751 0.069278 0.171973 0.032773 0.219735 0.638650 -0.519605 -0.013747 -0.002015 -0.037636 -0.374342 -0.339923
x -0.110743 -0.676640 -0.150352 0.395246 -0.043720 -1.285537 -0.424576 0.288751 0.317856 0.331657 0.022284 -0.383016 -0.429880 0.193641 -0.361643 -0.140204 -0.000140 -0.138937 0.600532 0.205569 0.397999 0.379308 0.671623 -0.562480 -0.203365 0.284991 0.006080 0.549570 0.656336 0.112746 -1.055204 -0.446460 -0.232755 -0.124554 -0.261100 -0.183739 0.354944 0.287994 0.373236 0.044389 0.254446 -0.235019 0.076846 0.613287 -0.977001 1.171863 0.031922 0.524498 -0.196648 -0.333247
adjd+fr -0.456510 0.162636 0.079428 -0.362988 -0.641666 -0.128771 0.452566 -0.045448 0.080854 -0.196062 0.252948 0.099166 0.114866 -0.281358 -0.142648 -0.159161 -0.094576 -0.095221 0.043308 0.348788 0.010178 0.480791 0.080007 0.727876 -0.220218 -0.123480 -0.283960 -0.224825 0.151333 0.265373 -0.194037 0.027788 0.385897 -0.095094 -0.107495 -0.309495 -0.027239 -0.135733 0.201411 -0.043241 0.720643 -0.135754 0.271944 0.210376 -0.022080 -0.306220 0.240396 0.259532 -0.080047 0.056893
apprart+fr -0.825674 -0.183610 -0.130090 -0.336236 -0.050987 -0.284509 0.478943 -0.064463 -0.081209 -0.116634 0.172805 -0.215757 -0.050585 -0.239144 0.103696 -0.156437 0.084685 -0.236059 0.106314 0.499381 0.488655 0.426998 0.391150 1.049219 -0.311734 -0.270687 -0.435005 -0.795423 0.120046 0.186369 0.162237 -0.264591 0.622302 -0.001724 0.017723 -0.337161 0.595778 -0.001815 -0.088043 0.122273 0.649382 -0.007483 0.249475 -0.045071 -0.004398 -0.728614 0.341953 -0.119263 0.287898 -0.180248
prorel+fr 0.040631 0.222253 0.181013 0.332269 -0.011410 -0.380631 -0.175651 -0.020746 0.004260 0.047905 0.472842 0.100338 -0.050327 -0.152686 -0.055438 0.181492 -0.025477 -0.048863 -0.218776 0.220804 0.210640 0.094670 -0.134109 -0.658236 -0.368389 -0.043820 -0.208195 0.230611 0.569522 0.180220 -0.161766 -0.182867 -0.333928 -0.098536 0.028095 -0.394257 -0.048234 0.393038 -0.023599 -0.067614 0.119253 0.042732 0.245327 0.599194 -0.626981 0.097713 -0.139603 -0.074606 -0.295508 -0.322454
card+fr -0.491602 -0.140810 0.149418 -0.080609 -0.337965 -0.491802 0.747109 -0.166771 -0.039719 -0.325725 0.332808 -0.057519 -0.278685 -0.245566 -0.165846 0.008629 0.315982 -0.167200 0.120214 0.420616 0.196561 0.311011 0.003988 0.823438 -0.099906 0.000028 -0.343963 -0.458022 0.259947 0.193976 -0.150693 0.132609 0.223363 -0.130526 0.069435 -0.270600 0.341826 0.173047 0.072523 -0.048875 1.170747 -0.358570 0.319073 0.097882 -0.176792 -0.343521 0.255291 -0.104856 0.239626 -0.323418
pper+fr -0.435267 0.344648 0.056601 -0.378478 -0.597827 -0.029885 0.412575 0.272554 0.327844 -0.398405 0.092950 -0.010115 0.293217 -0.472677 -0.191577 -0.115612 -0.476222 -0.057122 -0.099874 0.558391 0.166333 0.708941 0.129812 0.684078 -0.159841 -0.188382 -0.495671 -0.086244 0.118615 0.250306 -0.403036 0.194394 0.150109 0.003882 -0.313655 -0.461440 -0.275433 -0.187590 -0.170096 0.054902 0.368090 0.062520 0.192926 0.124571 0.148456 -0.579370 0.221992 0.323227 -0.074761 -0.236207
rg+fr -0.312692 -0.250120 0.019772 0.595513 0.236046 -0.251121 0.113932 0.341173 -0.429947 0.122385 0.305540 -0.314421 0.212214 0.254506 0.049487 0.187492 0.333954 -0.387135 -0.103378 0.058844 0.401596 -0.251564 -0.025458 -0.211684 -0.499830 0.108396 0.294519 0.089116 0.668529 0.246630 0.136496 -0.186567 0.138769 -0.389374 -0.214150 -0.248262 0.170117 0.156843 -0.327838 0.035719 0.441129 -0.278757 0.648698 0.277053 -0.210064 0.186893 -0.490259 -0.106795 -0.481452 -0.516508
cs+fr 0.045794 0.099213 0.213503 0.293803 0.085860 -0.294742 -0.208097 -0.151287 -0.028925 0.198331 0.457291 0.039080 -0.132316 -0.133154 0.100716 0.144732 0.079086 -0.073243 -0.133185 0.134322 0.049672 0.055089 -0.056817 -0.521625 -0.330670 -0.016381 -0.092354 0.105527 0.434441 0.175224 -0.033014 -0.252748 -0.228132 -0.130783 0.102752 -0.259218 0.007121 0.327904 0.199589 -0.167630 0.155128 0.092743 0.142951 0.630938 -0.605479 0.154625 0.005298 -0.120356 -0.231372 -0.121668
vvinf+fr -0.528896 0.270990 -0.204199 -0.533834 -0.644141 -0.282372 0.361745 0.057982 -0.061378 -0.010981 0.393157 0.147876 0.475799 -0.031406 -0.131217 -0.551402 -0.198346 -0.176469 0.409116 0.128579 -0.040452 0.600039 0.136052 0.941226 -0.531649 -0.131781 -0.069154 -0.175199 -0.077650 0.241123 -0.156264 -0.083003 0.575937 -0.119640 -0.314307 -0.128139 -0.026221 -0.668448 0.266650 0.553988 0.391734 -0.086650 0.217285 -0.235848 0.347940 -0.096234 0.026338 0.291670 -0.175505 0.363651
conj+fr -0.579992 -0.173676 -0.148261 0.578021 0.189624 0.214979 0.306966 0.411566 -0.600543 0.045501 -0.021871 -0.273771 0.149375 0.349492 0.033381 0.388564 0.105879 -0.216905 -0.174095 0.017916 0.274015 -0.484588 -0.241519 -0.117860 -0.158915 0.035533 0.308721 -0.191186 0.657035 0.067562 0.295355 -0.320594 0.305258 -0.540721 -0.239634 -0.102659 0.073172 0.185683 -0.422427 -0.216145 0.491118 -0.327328 0.570327 0.429286 -0.059485 0.035733 -0.450316 0.050967 -0.613084 -0.195053
pc+fr -0.197276 -0.135281 0.056541 0.504790 0.179778 -0.093709 -0.005248 0.183512 -0.473859 0.219469 0.380891 -0.160652 0.255916 0.286095 0.046717 0.187121 0.352167 -0.353068 -0.098104 -0.027871 0.214716 -0.351062 -0.109917 -0.293327 -0.407608 0.041406 0.358475 0.114317 0.531798 0.238109 0.250826 -0.236178 0.159376 -0.373606 -0.078578 -0.202258 0.085660 0.117461 -0.159744 -0.049255 0.353851 -0.253947 0.574174 0.246947 -0.163147 0.213482 -0.493667 -0.134383 -0.491562 -0.334267
pm+fr -0.171403 0.032946 0.043282 0.584304 0.053355 -0.051628 0.160887 0.195136 -0.354514 0.039462 0.522048 -0.151652 0.246941 0.159072 -0.056084 0.280987 0.210329 -0.444782 -0.318122 0.276897 0.295777 -0.194916 -0.233233 -0.397861 -0.467828 0.068084 0.027551 0.295443 0.676398 0.275576 0.085998 -0.228187 0.064895 -0.434083 -0.185977 -0.394658 -0.176300 0.265013 -0.356410 -0.173968 0.475191 -0.175761 0.642992 0.523579 -0.320391 0.161388 -0.437610 -0.055660 -0.572865 -0.584300
sn+fr -0.253066 0.087731 -0.352840 0.435037 0.121724 -0.082135 0.097984 0.265333 -0.503713 0.120308 0.149183 -0.093748 0.222921 0.203422 0.303557 -0.014521 0.209164 -0.236665 -0.166979 -0.168393 0.217099 -0.112111 -0.390876 -0.282292 -0.657116 0.090907 0.413868 0.052485 0.580242 0.227577 0.178814 -0.436487 0.260400 -0.504169 -0.280040 -0.039417 0.063059 -0.110363 -0.036426 0.202288 0.343925 0.040666 0.473802 0.497123 -0.412506 0.411602 -0.277681 0.005000 -0.608737 -0.029821
hp+fr -0.244543 0.071091 -0.351176 0.511486 0.164146 -0.156659 0.112599 0.274979 -0.522430 0.115585 0.301187 -0.103825 0.195564 0.325971 0.105650 0.079849 0.232660 -0.229257 -0.057864 -0.071342 0.254912 -0.227197 -0.465025 -0.228094 -0.526369 0.106861 0.329639 0.038381 0.598172 0.198934 0.080692 -0.401284 0.228918 -0.544794 -0.268410 -0.088483 0.145679 -0.116794 -0.123227 0.257081 0.441624 -0.105817 0.508544 0.347188 -0.254767 0.362208 -0.403263 -0.049116 -0.523398 -0.221928
pro+fr 0.069897 0.080841 0.371558 0.193677 -0.047197 -0.336499 -0.317008 -0.077315 0.057916 0.233674 0.549417 0.082433 0.015280 -0.031168 -0.114485 0.175740 -0.050682 -0.023160 0.021690 0.160188 -0.045000 0.073237 0.069401 -0.496728 -0.300271 -0.067065 -0.084200 0.190827 0.413054 0.204114 -0.146996 -0.096647 -0.295241 -0.092768 0.036420 -0.316955 -0.094580 0.218670 0.170551 -0.095956 0.061030 -0.085038 0.216510 0.442109 -0.327789 0.121897 -0.156243 0.008065 -0.329122 -0.111448
clr+fr 0.011242 0.203709 0.231755 0.213783 -0.081575 -0.296048 -0.145087 -0.072193 0.062630 0.056021 0.495518 0.078304 0.028212 -0.137699 -0.048753 0.154560 -0.134114 -0.022238 -0.153765 0.210937 0.018742 0.166870 -0.100538 -0.483986 -0.358917 -0.003006 -0.210198 0.230855 0.460780 0.136786 -0.126360 -0.105321 -0.299245 -0.084984 -0.055737 -0.310060 -0.233383 0.256403 0.046141 -0.004620 0.085750 0.060268 0.221175 0.546948 -0.449514 0.058610 -0.090397 0.014122 -0.335698 -0.105037
ie+fr -0.197816 0.291749 -0.267530 0.494757 0.168125 -0.221491 -0.004859 0.198188 -0.511470 0.204848 0.571172 0.010690 0.127619 0.305883 0.024439 0.195084 0.191681 -0.117579 0.098589 -0.026480 0.144365 -0.280749 -0.660714 -0.259293 -0.439786 0.066840 0.251308 -0.019024 0.595963 0.199886 -0.039463 -0.477274 0.058201 -0.619295 -0.202168 -0.159450 0.132310 -0.184473 0.041588 0.336972 0.481757 -0.124483 0.440591 0.365713 -0.232642 0.317447 -0.377589 -0.129943 -0.502606 -0.199167
vmfin+fr -0.537478 0.295396 0.067414 -0.390909 -0.557206 -0.155205 0.299700 -0.112953 -0.039706 0.002437 0.521663 0.222351 0.192118 -0.142265 -0.092125 -0.179019 -0.156683 -0.121942 0.195935 0.321191 -0.038226 0.452085 0.044700 0.639545 -0.328108 -0.323065 -0.235687 -0.341974 0.125974 0.341997 -0.072028 -0.258469 0.396141 -0.177796 0.012686 -0.342817 0.054726 -0.263633 0.308671 0.043544 0.596932 -0.111466 0.243127 0.218016 -0.039138 -0.269804 0.139700 0.172241 -0.179065 0.205487
pad+fr -0.120818 -0.147268 0.024288 0.492992 0.198224 -0.206254 0.099520 0.094578 -0.307260 0.063859 0.332206 -0.191718 0.075485 0.091372 0.099889 0.144528 0.389675 -0.303180 -0.197071 0.079418 0.281705 -0.208001 -0.118507 -0.243351 -0.421227 0.145373 0.159301 0.108813 0.527208 0.169203 0.168914 -0.134962 0.063897 -0.250358 -0.094221 -0.194966 0.104511 0.236548 -0.163489 -0.015330 0.401108 -0.105158 0.495657 0.312870 -0.309658 0.146169 -0.271400 -0.198206 -0.288038 -0.423549
inf+fr -0.350848 0.012159 -0.199867 0.492714 -0.002866 0.110759 0.069686 0.468544 -0.405123 0.076524 0.013541 -0.225539 0.189925 0.153196 0.035727 0.233054 0.064802 -0.152203 -0.180532 0.026872 0.195249 -0.260808 -0.333512 -0.146907 -0.259758 0.122987 0.310841 0.053727 0.662613 0.181234 -0.026745 -0.299077 0.266111 -0.532347 -0.359900 -0.195046 -0.015241 -0.003462 -0.127809 -0.128433 0.467162 -0.126490 0.511651 0.563330 -0.185813 0.172162 -0.298233 0.200214 -0.608041 -0.206671
kous+fr -0.631409 0.332650 0.214615 -0.346890 -0.361002 -0.021196 0.062416 0.295213 -0.032707 0.183449 0.470831 0.034876 0.335071 -0.167351 -0.013690 -0.075121 -0.261322 -0.191417 0.383534 0.427396 0.107421 0.417313 0.188019 0.725770 -0.206112 -0.589869 -0.086745 -0.492742 0.085070 0.584099 -0.170638 -0.278570 0.342023 -0.327331 0.043361 -0.562366 0.210551 -0.538101 0.153655 -0.080620 0.477334 -0.103746 0.214687 0.074909 0.232995 -0.476120 0.040101 0.128652 -0.208977 -0.142427
ppron3+fr -0.330290 -0.023216 -0.123790 0.480824 -0.001149 0.194080 0.074342 0.604628 -0.323760 0.039826 -0.171787 -0.364458 0.295040 0.043897 0.091615 0.236868 -0.007305 -0.140573 -0.271178 0.029211 0.219817 -0.209134 -0.212081 -0.083987 -0.267608 0.174602 0.363291 0.083206 0.687021 0.158897 -0.046672 -0.124207 0.237592 -0.477999 -0.488612 -0.238559 -0.081326 -0.020122 -0.240744 -0.159345 0.376583 -0.094414 0.519944 0.529610 -0.068646 0.028645 -0.280552 0.240055 -0.635010 -0.272452
comp+fr -0.432543 -0.028724 0.017980 0.528166 0.153321 0.109700 0.034898 0.641162 -0.387077 0.124623 -0.143194 -0.301208 0.120899 0.155831 0.038322 0.452816 -0.061126 0.003186 -0.011953 -0.036959 0.191988 -0.340530 -0.285100 -0.132576 -0.043426 0.008257 0.421164 -0.213402 0.678958 0.184057 -0.087966 -0.181877 0.063990 -0.599120 -0.316224 -0.195963 0.115247 -0.037363 -0.269402 -0.186352 0.407719 -0.284309 0.415107 0.474657 -0.019309 0.007001 -0.348224 0.136731 -0.637631 -0.254557
clo+fr 0.011740 0.146073 0.184499 0.192651 -0.065449 -0.236124 -0.155114 -0.054850 0.011837 0.100829 0.408566 0.085934 0.001998 -0.086719 -0.033659 0.123160 -0.071852 -0.042555 -0.088532 0.150288 0.020525 0.086334 -0.077682 -0.400070 -0.274232 -0.036398 -0.126060 0.168226 0.372935 0.135091 -0.086484 -0.133310 -0.229069 -0.096980 -0.014386 -0.259456 -0.120430 0.201203 0.101061 -0.067453 0.088863 0.027444 0.167905 0.456801 -0.376138 0.091521 -0.074258 0.015795 -0.265311 -0.080803
et+fr -0.000947 -0.160191 -0.041333 0.193606 -0.096305 -0.579817 -0.354315 0.134441 0.168647 0.211071 0.211051 -0.076537 -0.146443 0.109147 -0.323681 0.019504 -0.095131 -0.054666 0.261529 0.196196 0.173041 0.167899 0.214116 -0.388350 -0.120719 0.053560 -0.114761 0.304074 0.405198 0.113872 -0.582113 -0.278511 -0.139600 -0.107615 -0.110196 -0.247406 0.128033 0.134910 0.183431 -0.008283 0.096536 -0.120886 0.097038 0.384572 -0.447663 0.489675 -0.063966 0.266546 -0.192463 -0.246993
piat+fr -0.592341 -0.096533 -0.074436 -0.148433 -0.185536 -0.347559 0.541575 0.038365 -0.053126 -0.253047 0.130880 -0.115939 -0.106435 -0.118339 -0.136659 -0.038629 0.027872 -0.110567 0.145840 0.356381 0.311999 0.309249 0.109858 0.779670 -0.124914 -0.079303 -0.330592 -0.514171 0.185463 0.100976 -0.113420 0.006182 0.312561 -0.108898 -0.085071 -0.197195 0.359494 -0.008575 -0.157734 0.179315 0.732366 -0.226123 0.252660 -0.050899 0.061545 -0.420351 0.156422 -0.006367 0.157133 -0.231394
pposat+fr -0.745098 -0.204642 -0.159846 -0.096507 -0.115421 -0.363732 0.614689 0.082288 -0.124324 -0.251230 0.059536 -0.243830 -0.067202 -0.090198 -0.105760 -0.059603 0.061351 -0.117804 0.121600 0.326884 0.387784 0.252375 0.146518 0.904614 -0.239489 0.004827 -0.304768 -0.571432 0.290627 0.007412 -0.020230 0.008236 0.463546 -0.090517 -0.228427 -0.165834 0.426742 0.002544 -0.216549 0.270755 0.749293 -0.213676 0.358700 -0.070495 0.113997 -0.482869 0.125429 0.029856 0.143240 -0.166772
prels+fr -0.661641 0.306587 0.269182 -0.232537 -0.370909 -0.120389 0.187661 0.416489 -0.031856 0.098252 0.427467 -0.064783 0.358766 -0.167223 -0.102359 0.003183 -0.248434 -0.118365 0.402417 0.381945 0.098400 0.351817 0.098371 0.813448 -0.209665 -0.416742 -0.030844 -0.491614 0.219164 0.497962 -0.252559 -0.043341 0.249467 -0.364989 -0.127154 -0.527847 0.189951 -0.560566 0.060808 0.056438 0.608287 -0.235441 0.326796 0.001752 0.403188 -0.541651 -0.054665 0.125645 -0.247137 -0.205367
pl+fr -0.176785 0.128066 -0.165546 0.409596 0.073485 -0.140753 0.024502 0.191173 -0.427235 0.170439 0.411934 -0.050398 0.197792 0.257282 0.034143 0.105350 0.190163 -0.213104 0.003531 -0.004293 0.150576 -0.182062 -0.373670 -0.248623 -0.431116 0.060577 0.247641 0.093590 0.500194 0.232763 0.019290 -0.360222 0.124416 -0.485552 -0.183312 -0.156368 0.035658 -0.082243 -0.007352 0.136387 0.394232 -0.137318 0.445050 0.352022 -0.244154 0.319550 -0.345666 -0.038398 -0.498939 -0.193346
vpr+fr -0.048955 0.009105 0.146701 0.245241 0.066500 -0.203796 -0.200809 -0.114188 -0.090683 0.201047 0.392293 0.051983 -0.066329 0.086691 -0.097489 0.145301 -0.004711 -0.059971 0.016276 0.119472 0.039302 -0.084722 0.021611 -0.456176 -0.148094 -0.057708 -0.066599 0.113843 0.324095 0.051389 0.020740 -0.264726 -0.170605 -0.080002 0.089035 -0.153778 -0.015937 0.275612 0.102722 -0.100712 0.032878 -0.064859 0.138354 0.356734 -0.341183 0.173304 -0.183016 -0.021058 -0.211926 -0.020682
ptkvz+fr -0.699064 0.190814 0.012831 -0.394022 -0.415617 -0.153773 0.267710 0.114014 -0.094924 0.115034 0.464397 -0.029412 0.374770 -0.147580 0.002921 -0.297564 -0.096087 -0.234662 0.324742 0.325905 0.098499 0.443787 0.207838 0.967679 -0.460199 -0.294537 -0.078579 -0.444508 0.097303 0.396615 -0.013467 -0.192409 0.575309 -0.201148 -0.139088 -0.376365 0.205839 -0.492563 0.235471 0.209855 0.576010 -0.080482 0.337924 -0.028121 0.270216 -0.437704 0.073153 0.123906 -0.124782 0.092115
ha+fr -0.276913 0.018298 -0.280471 0.378553 0.126173 -0.142642 0.091502 0.239726 -0.408448 0.106654 0.199060 -0.138613 0.159093 0.183175 0.166251 0.013450 0.191449 -0.211049 -0.059042 -0.057436 0.253525 -0.108775 -0.288554 -0.125264 -0.500712 0.091397 0.276294 0.013509 0.496734 0.177801 0.091829 -0.352763 0.221933 -0.402253 -0.238030 -0.083214 0.121699 -0.072459 -0.058470 0.189448 0.351996 -0.024078 0.431234 0.346541 -0.293062 0.260243 -0.247621 -0.014699 -0.444142 -0.132215
:+fr -0.375237 -0.263548 -0.146386 0.076671 -0.310661 0.435540 0.400362 -0.001825 0.027825 -0.389636 -0.482396 -0.107892 -0.329411 -0.001891 -0.436075 0.393483 -0.335762 0.113837 -0.379219 0.361113 -0.003679 -0.143586 -0.038239 0.146168 0.503002 0.142105 -0.469772 -0.191775 0.291326 -0.359296 -0.084315 0.055653 0.295559 -0.053396 -0.232758 -0.004332 -0.222163 0.551420 -0.351991 -0.563465 0.376558 -0.230219 0.102323 0.504839 0.004286 -0.318447 0.139108 0.471773 -0.117986 0.112459
prf+fr -0.442557 0.171108 0.096386 -0.249036 -0.394025 -0.000671 0.318535 0.209307 0.202112 -0.249968 0.107633 -0.088993 0.165168 -0.402126 -0.103847 -0.027165 -0.293128 -0.114456 -0.079609 0.513941 0.203830 0.490852 0.184117 0.563622 -0.104281 -0.200820 -0.401322 -0.196849 0.141019 0.223212 -0.219930 0.068069 0.180620 -0.033738 -0.162930 -0.443340 -0.102340 -0.077680 -0.136274 -0.091396 0.377953 0.046984 0.190390 0.157866 0.052995 -0.533097 0.187958 0.178494 -0.032056 -0.254286
ppas+fr -0.389876 -0.112786 -0.119915 0.486015 0.025684 0.153983 0.058024 0.581929 -0.313750 0.053434 -0.142221 -0.409259 0.309697 0.158484 -0.025321 0.224313 -0.047690 -0.102664 -0.184329 0.025194 0.180585 -0.273035 -0.139368 -0.046332 -0.247960 0.248259 0.334905 0.121846 0.676397 0.048065 -0.021886 -0.050812 0.258847 -0.404687 -0.543472 -0.152844 -0.092457 -0.001807 -0.262592 -0.071931 0.296663 -0.166368 0.545292 0.432514 0.086602 0.045721 -0.358725 0.298322 -0.607151 -0.156028
ps+fr -0.308178 -0.074351 -0.038154 0.509003 0.303944 -0.366586 0.018999 0.277557 -0.409955 0.225689 0.405855 -0.207949 0.118110 0.262267 0.058749 0.198353 0.232073 -0.207246 0.148682 0.000892 0.297591 -0.245729 -0.171092 -0.193023 -0.409862 0.043073 0.269321 -0.069121 0.545452 0.199046 0.037198 -0.306617 -0.007773 -0.411603 -0.149173 -0.178143 0.235157 0.004971 -0.164041 0.236960 0.379310 -0.220691 0.439521 0.179511 -0.184709 0.192621 -0.414885 -0.194799 -0.386521 -0.330222
ptkneg+fr -0.464704 0.250869 0.115892 -0.366486 -0.491461 -0.065744 0.269942 0.037579 0.085807 -0.081304 0.346281 0.079372 0.194839 -0.304248 -0.042763 -0.141100 -0.190181 -0.181443 0.072814 0.422366 0.081481 0.518978 0.144898 0.602285 -0.231465 -0.333643 -0.297506 -0.256113 0.072085 0.374005 -0.147824 -0.149212 0.291760 -0.104245 -0.011384 -0.421211 -0.019170 -0.201372 0.164817 -0.084280 0.489917 -0.005145 0.187789 0.196883 -0.038348 -0.374680 0.205690 0.155759 -0.094646 -0.055815
num+fr -0.403866 -0.232762 -0.131059 0.514869 0.039537 0.169835 0.161276 0.464849 -0.333858 -0.004438 -0.183486 -0.415765 0.156163 0.134715 -0.058337 0.266332 0.027786 -0.109413 -0.238997 0.048749 0.197405 -0.339427 -0.123419 0.002841 -0.168974 0.304877 0.246087 0.055869 0.687322 -0.041537 0.040962 -0.041809 0.308013 -0.362774 -0.472102 -0.117109 -0.042896 0.153558 -0.298536 -0.164315 0.395085 -0.199713 0.529562 0.448578 0.011133 0.004290 -0.312255 0.276564 -0.501224 -0.161749
pis+fr -0.402215 0.237878 0.283633 -0.252691 -0.535104 -0.032428 0.327747 0.189420 0.129826 -0.150188 0.185347 0.000834 0.207942 -0.378595 -0.072229 -0.000269 -0.200282 -0.041727 0.002565 0.341364 -0.004939 0.428943 0.077805 0.608932 -0.128342 -0.190970 -0.164238 -0.213848 0.199468 0.333735 -0.247086 0.144743 0.172278 -0.153129 -0.148238 -0.418904 -0.110497 -0.168533 0.110941 -0.154416 0.596771 -0.118897 0.235403 0.252992 0.064391 -0.426291 0.172555 0.235601 -0.185354 -0.093861
proav+fr -0.501001 0.226706 0.103885 -0.363296 -0.379069 -0.081878 0.335815 0.131443 0.173490 -0.230742 0.097869 -0.022671 0.172650 -0.426638 -0.009902 -0.093275 -0.314902 -0.053129 -0.053995 0.431080 0.187654 0.591279 0.192977 0.653809 -0.175129 -0.275465 -0.377978 -0.335548 0.095936 0.252788 -0.172789 0.011670 0.190905 -0.006835 -0.114376 -0.403653 -0.010574 -0.116666 -0.069131 0.022789 0.356192 0.064556 0.120122 0.149127 0.027270 -0.586997 0.287019 0.119474 -0.005145 -0.107849
ptkzu+fr -0.679650 0.399961 0.057997 -0.613183 -0.536597 -0.164072 0.349449 -0.324097 -0.064412 0.005133 0.480290 0.291854 0.296852 -0.303354 0.177122 -0.275349 -0.305272 0.063250 0.053609 0.152167 -0.151388 0.650738 0.039910 0.714506 -0.567352 -0.283100 -0.272781 -0.521999 0.113189 0.204493 0.208393 -0.286216 0.481581 -0.027739 -0.078306 -0.215647 -0.014950 -0.198858 0.433401 0.279872 0.411138 0.135005 0.185545 0.303095 -0.116717 -0.513338 0.338026 0.121251 -0.236347 0.760585
aglt+fr -0.264577 0.095962 -0.095673 0.410765 -0.052046 0.263695 0.184169 0.483754 -0.287169 -0.069017 -0.140471 -0.188519 0.171913 0.065231 0.014653 0.320952 -0.075850 -0.132678 -0.252229 0.087035 0.165687 -0.187152 -0.327209 -0.175866 -0.078203 0.021176 0.224606 0.047685 0.536244 0.181383 -0.077618 -0.163801 0.096316 -0.496789 -0.301748 -0.194310 -0.156139 0.036277 -0.288145 -0.264842 0.393400 -0.157136 0.389957 0.508536 -0.130389 0.075626 -0.225307 0.174624 -0.572179 -0.304743
ger+fr -0.417838 -0.292165 -0.155916 0.480317 0.046045 0.138301 0.081264 0.450206 -0.324790 0.055418 -0.153819 -0.388110 0.196899 0.281563 -0.126927 0.226309 -0.029729 -0.141762 -0.150913 0.031422 0.179970 -0.350630 0.000041 -0.071906 -0.156515 0.255626 0.258743 0.130299 0.624893 -0.058324 0.037011 -0.107420 0.313632 -0.314117 -0.467222 -0.062560 -0.066411 0.131402 -0.304880 -0.129020 0.244638 -0.246765 0.512545 0.365802 0.073737 0.109462 -0.390358 0.312432 -0.520469 -0.093425
pds+fr -0.418522 0.156529 0.138373 -0.260456 -0.355862 -0.011869 0.252284 0.121611 0.146315 -0.161066 0.166977 -0.056919 0.176415 -0.345238 -0.063599 -0.051877 -0.209773 -0.092281 -0.018230 0.424865 0.135182 0.410807 0.172767 0.606019 -0.154648 -0.208992 -0.321041 -0.279346 0.130335 0.232606 -0.129732 0.055026 0.219373 -0.035923 -0.116176 -0.389425 -0.010678 -0.112001 -0.020888 -0.049826 0.394186 0.007250 0.195409 0.130114 0.108076 -0.541341 0.185982 0.128069 -0.021539 -0.150318
vainf+fr -0.450851 0.268658 -0.121516 -0.369357 -0.673940 -0.084504 0.290090 -0.039653 -0.017968 -0.011436 0.418273 0.154442 0.383965 -0.145114 -0.111331 -0.378698 -0.169872 -0.234648 0.092910 0.245232 -0.052643 0.467650 0.094770 0.567487 -0.500323 -0.127454 -0.135312 0.016796 0.137440 0.268322 -0.071542 -0.197493 0.517322 -0.101710 -0.207024 -0.266710 -0.162812 -0.307063 0.350142 0.128846 0.434042 0.028791 0.328722 0.228382 -0.054804 -0.056937 0.062304 0.366197 -0.271017 0.290147
x+fr -0.428453 -0.320055 -0.107197 0.123869 -0.232085 0.184611 0.204382 0.216852 -0.040604 -0.112948 -0.271632 -0.208101 -0.108135 0.189196 -0.423248 0.235090 -0.242354 -0.034719 -0.017507 0.252354 0.066164 -0.158254 0.166658 0.182119 0.273668 0.075358 -0.177322 -0.086211 0.308418 -0.156373 -0.162526 -0.061525 0.341762 -0.157028 -0.246941 -0.060887 -0.061909 0.223187 -0.253866 -0.387641 0.314391 -0.343072 0.200970 0.294889 0.142569 -0.041449 -0.110041 0.482124 -0.220444 0.003551
pred+fr -0.363082 -0.061902 -0.122710 0.322633 0.006727 0.078713 0.118305 0.391742 -0.317170 0.038475 -0.064678 -0.211923 0.160495 0.141671 0.018099 0.171808 0.011074 -0.130617 -0.092415 0.030698 0.181165 -0.181603 -0.145916 0.008450 -0.178467 0.054257 0.227285 -0.049195 0.488113 0.110117 0.005334 -0.190806 0.246499 -0.381909 -0.267559 -0.129352 0.042312 -0.010126 -0.195855 -0.097319 0.342646 -0.165883 0.382427 0.334271 -0.055980 0.037191 -0.224998 0.160906 -0.439364 -0.162526
ppron12+fr -0.288823 0.001437 -0.121239 0.386703 -0.003398 0.101114 0.047018 0.502875 -0.255144 0.039961 -0.106876 -0.260311 0.172993 0.079511 0.003585 0.214092 -0.029482 -0.058963 -0.117319 0.023412 0.171671 -0.171041 -0.222709 -0.064526 -0.153803 0.097662 0.277327 0.029733 0.555368 0.143044 -0.113932 -0.142108 0.170971 -0.435981 -0.362467 -0.181223 -0.024335 -0.058802 -0.170814 -0.091411 0.348471 -0.121231 0.389048 0.426178 -0.051710 0.070142 -0.220590 0.219308 -0.512079 -0.203145
pdat+fr -0.617313 -0.124626 -0.142576 -0.164375 -0.082644 -0.348599 0.505815 -0.005322 -0.099010 -0.192015 0.065721 -0.101296 -0.124970 -0.093602 -0.016818 -0.074445 0.040748 -0.099024 0.141985 0.267138 0.330343 0.307362 0.128269 0.720671 -0.175694 -0.110498 -0.297586 -0.553976 0.148916 0.071400 -0.011138 -0.119071 0.358043 -0.085603 -0.053964 -0.130056 0.424745 0.009713 -0.138464 0.207253 0.608720 -0.167768 0.190133 -0.045441 -0.023505 -0.364552 0.182650 -0.048107 0.148911 -0.104812
kokom+fr -0.393892 0.027436 0.210006 -0.194725 -0.275602 -0.087267 0.225396 0.006870 0.016750 -0.029711 0.236631 -0.028117 0.036321 -0.240616 -0.008298 -0.028551 0.035685 -0.116389 0.061637 0.297048 0.067899 0.245344 0.164840 0.576009 -0.118992 -0.209457 -0.155449 -0.360043 0.135061 0.257093 -0.034796 -0.026667 0.260649 -0.092846 0.047628 -0.309209 0.166611 -0.052106 0.154723 -0.175118 0.537555 -0.111025 0.203550 0.150181 0.010983 -0.386274 0.180515 0.042382 -0.004813 -0.087563
pwav+fr -0.444079 0.161228 0.086554 -0.242905 -0.307219 -0.091543 0.185117 0.122286 -0.002983 0.021369 0.266113 0.011417 0.186631 -0.179088 -0.016155 -0.112097 -0.108865 -0.139151 0.183532 0.285650 0.098723 0.333199 0.120733 0.571266 -0.212114 -0.270103 -0.097528 -0.320672 0.097421 0.327583 -0.102823 -0.116766 0.285446 -0.171359 -0.028728 -0.342212 0.139214 -0.265462 0.108738 -0.004184 0.439168 -0.080284 0.192047 0.081470 0.082361 -0.314732 0.093757 0.096567 -0.091041 -0.073256
vapp+fr -0.451873 0.149658 -0.075599 -0.341805 -0.478250 -0.067352 0.225532 -0.080937 -0.056791 0.042062 0.322710 0.114591 0.257940 -0.131938 0.010276 -0.309175 -0.070724 -0.181441 0.096107 0.209544 -0.002926 0.375134 0.143759 0.555468 -0.406673 -0.167555 -0.099271 -0.148047 0.086277 0.251875 0.043507 -0.229395 0.505619 -0.071657 -0.078921 -0.211927 0.010475 -0.224418 0.323100 0.060235 0.407544 0.029795 0.246943 0.183393 -0.066630 -0.148873 0.114861 0.241397 -0.175334 0.280756
vvizu+fr -0.484332 0.007582 0.007443 -0.279181 -0.291745 -0.151760 0.278862 -0.048490 -0.089665 0.044068 0.245937 -0.011908 0.132887 -0.116837 0.031473 -0.190756 0.044569 -0.148646 0.169818 0.167914 0.051996 0.271040 0.151719 0.709721 -0.287335 -0.147251 -0.059528 -0.369821 0.088522 0.225765 0.053052 -0.121720 0.451970 -0.108440 -0.036618 -0.194975 0.222123 -0.216240 0.214458 0.063395 0.508664 -0.094284 0.215491 0.039343 0.077683 -0.279745 0.147659 0.079523 -0.025885 0.123266
pact+fr -0.310381 -0.194642 -0.103895 0.328993 -0.004550 0.105033 0.098685 0.352724 -0.223666 0.020329 -0.137622 -0.255602 0.116289 0.194691 -0.135185 0.180966 -0.055272 -0.088531 -0.081809 0.041021 0.109873 -0.245861 -0.015478 -0.028485 -0.056233 0.162997 0.153452 0.039359 0.436657 -0.046115 -0.008287 -0.064558 0.213905 -0.262407 -0.321296 -0.058277 -0.045833 0.092300 -0.238778 -0.123795 0.206050 -0.219720 0.336019 0.275168 0.076533 0.060276 -0.274542 0.245903 -0.384832 -0.065479
brev+fr -0.400973 -0.132806 0.005367 0.338444 0.043052 -0.044460 0.066036 0.470650 -0.226697 0.100560 -0.082675 -0.274901 0.115645 0.130119 -0.065100 0.241150 -0.076585 -0.086158 0.081544 0.078765 0.190779 -0.151464 0.014491 -0.001423 -0.067638 0.011177 0.226935 -0.089423 0.483531 0.125472 -0.136435 -0.147243 0.100076 -0.376366 -0.262371 -0.177599 0.094680 -0.003485 -0.210186 -0.125493 0.301474 -0.256563 0.319034 0.295900 0.007458 0.041515 -0.263543 0.181782 -0.425884 -0.208127
bedzie+fr -0.332738 0.001547 -0.133272 0.254753 -0.026444 0.140641 0.153107 0.256118 -0.299662 -0.000590 0.019841 -0.110589 0.142237 0.168170 -0.034710 0.163567 -0.018734 -0.159746 -0.102499 0.074717 0.154602 -0.162044 -0.153533 -0.021670 -0.134123 -0.009148 0.117871 -0.044017 0.376163 0.101897 0.054747 -0.226946 0.232048 -0.348335 -0.186116 -0.127402 -0.016567 0.010873 -0.191993 -0.116202 0.316420 -0.155922 0.330230 0.298263 -0.057557 0.042895 -0.227247 0.120093 -0.397164 -0.142263
?+fr -0.293529 -0.141447 -0.089419 0.065187 -0.122960 0.161300 0.241891 0.080914 -0.030333 -0.180340 -0.220495 -0.109850 -0.104962 0.036858 -0.221452 0.188861 -0.193704 0.041113 -0.147132 0.163186 0.056854 -0.075521 0.008731 0.135191 0.187796 0.086299 -0.204369 -0.143013 0.216682 -0.181178 -0.024749 0.024001 0.185379 -0.048646 -0.177517 -0.003657 -0.072706 0.229394 -0.242702 -0.187231 0.198936 -0.157347 0.122601 0.210779 0.072098 -0.181776 -0.015980 0.243969 -0.102893 0.039353
imps+fr -0.357693 -0.202077 -0.120078 0.325906 0.014918 0.114385 0.155710 0.292100 -0.271728 0.016834 -0.115534 -0.200553 0.063940 0.248816 -0.149747 0.206139 -0.046214 -0.100366 -0.048279 0.038971 0.137610 -0.273287 -0.045147 -0.021548 -0.019854 0.107995 0.129503 -0.023568 0.417152 -0.032859 0.040848 -0.140392 0.257088 -0.290202 -0.249069 -0.029554 -0.001267 0.116149 -0.273421 -0.146613 0.255850 -0.247046 0.338055 0.241089 0.058108 0.071484 -0.295882 0.211121 -0.360825 -0.063315
vs+fr -0.038602 0.004301 0.100605 0.107025 0.005809 -0.114605 -0.089711 -0.023265 -0.018611 0.092087 0.175738 0.020980 -0.039355 -0.020025 -0.029392 0.060031 0.003635 -0.029053 0.011988 0.074415 0.033473 0.010002 0.028625 -0.173176 -0.086573 -0.040730 -0.043156 0.022134 0.172500 0.061458 -0.035016 -0.103572 -0.072113 -0.045544 0.038096 -0.118144 0.019679 0.119443 0.060366 -0.069115 0.064401 -0.025567 0.068670 0.214793 -0.190711 0.061506 -0.043749 -0.002297 -0.107364 -0.037185
o+fr -0.318995 -0.170343 -0.061707 0.046607 -0.219833 0.140132 0.212605 0.180827 -0.006235 -0.132488 -0.241610 -0.108112 -0.084743 0.095570 -0.296425 0.182307 -0.250394 0.023903 -0.025111 0.197842 0.031503 -0.045378 0.096044 0.128068 0.244968 0.015212 -0.163106 -0.094163 0.209063 -0.103209 -0.176684 -0.022362 0.198891 -0.127873 -0.178574 -0.037430 -0.083244 0.143131 -0.200778 -0.277659 0.228382 -0.247977 0.104030 0.224646 0.096349 -0.059485 -0.041278 0.360133 -0.166340 0.014199
trunc+fr -0.402033 -0.100392 0.115388 -0.159814 -0.215079 -0.081041 0.243709 0.034991 -0.066734 0.006507 0.089753 -0.133071 0.032376 -0.175077 0.061897 -0.086071 0.137431 -0.118560 0.071936 0.180390 0.078377 0.166268 0.184245 0.624720 -0.171610 -0.080983 0.002566 -0.339469 0.135372 0.196191 0.039674 0.006047 0.375009 -0.085378 -0.010739 -0.201438 0.235030 -0.079575 0.174468 -0.127296 0.539842 -0.113964 0.236246 0.107824 0.024775 -0.312011 0.173537 0.062023 -0.002508 -0.011572
xy+fr -0.308729 -0.095929 -0.094045 -0.178923 -0.237231 0.016112 0.190135 0.022557 -0.083237 0.016834 -0.044628 -0.158545 0.199045 -0.223727 0.248106 -0.306022 0.186679 -0.222908 -0.122716 0.036694 0.097170 0.232865 0.230960 0.505645 -0.398124 0.039798 0.133343 -0.059384 0.109335 0.177378 0.160731 -0.077987 0.509608 0.011397 -0.144156 -0.098795 0.067878 -0.114538 0.249755 -0.027612 0.322094 0.158785 0.242036 0.169212 -0.142042 -0.086522 0.187123 0.145616 -0.061540 0.128681
ro+fr -0.164715 -0.066325 -0.023451 0.226227 0.107417 -0.102248 0.042966 0.098501 -0.213337 0.093306 0.163128 -0.098754 0.073857 0.119240 0.007021 0.086652 0.132529 -0.130405 0.011482 0.018973 0.138345 -0.138904 -0.048160 -0.074847 -0.180269 0.019282 0.119479 -0.009582 0.250133 0.096580 0.074692 -0.134018 0.072369 -0.182305 -0.067388 -0.091524 0.084894 0.035585 -0.090080 0.033123 0.193159 -0.115592 0.251511 0.113317 -0.087862 0.080464 -0.196872 -0.069438 -0.198001 -0.148234
impt+fr -0.298558 -0.017913 -0.112046 0.214049 -0.058233 0.103747 0.105336 0.285313 -0.230088 0.022030 -0.034207 -0.115146 0.115297 0.160331 -0.085199 0.147139 -0.063395 -0.086997 -0.018392 0.048167 0.097526 -0.146522 -0.108971 0.032531 -0.062605 -0.006479 0.112057 -0.059927 0.319171 0.080230 -0.031692 -0.162318 0.216082 -0.303998 -0.210973 -0.095520 0.001807 -0.035114 -0.159926 -0.107004 0.257942 -0.183182 0.279533 0.229032 0.048248 0.036883 -0.208262 0.193203 -0.357421 -0.071432
pref+fr -0.015192 -0.013484 0.030767 0.106689 0.045152 -0.058666 -0.064756 -0.011354 -0.032553 0.067954 0.102208 -0.006316 -0.023050 0.033765 -0.044366 0.061831 0.023332 -0.024595 -0.001733 0.030878 0.022643 -0.066178 -0.011146 -0.169952 -0.024251 0.006379 -0.017021 0.069658 0.109448 -0.003121 0.001086 -0.084328 -0.048926 -0.037395 0.029126 -0.052176 0.005944 0.111303 0.023061 -0.045990 0.019990 -0.026230 0.043870 0.113868 -0.138767 0.068978 -0.069049 -0.003189 -0.058801 -0.050707
siebie+fr -0.248933 -0.077491 -0.046205 0.249382 -0.027957 0.044970 0.028046 0.348570 -0.157697 0.053551 -0.067519 -0.207345 0.141815 0.069422 -0.038212 0.124312 -0.041779 -0.081084 -0.035519 0.045921 0.108366 -0.107959 -0.020555 -0.013764 -0.127881 0.078338 0.197336 0.037410 0.371271 0.084734 -0.081665 -0.083380 0.141619 -0.252438 -0.282434 -0.124259 -0.024476 -0.027574 -0.124447 -0.083366 0.211616 -0.121811 0.284533 0.281098 0.001930 0.055464 -0.194528 0.185562 -0.364269 -0.120520
koui+fr -0.403459 0.103495 0.073036 -0.202079 -0.200972 -0.069405 0.148122 0.091522 -0.027457 0.037942 0.207860 -0.034305 0.168123 -0.159302 0.046128 -0.094619 -0.064117 -0.107197 0.120031 0.209706 0.089711 0.262267 0.128566 0.505095 -0.197384 -0.212966 -0.080502 -0.311500 0.081494 0.241939 -0.017880 -0.093424 0.255489 -0.114963 -0.024896 -0.260686 0.149216 -0.207690 0.103851 0.010961 0.345456 -0.022570 0.166445 0.053450 0.072269 -0.315355 0.090008 0.052622 -0.066698 -0.015543
i+fr -0.228275 -0.030628 -0.068841 0.000965 -0.202648 0.124717 0.154166 0.114929 0.006010 -0.118431 -0.161506 0.000003 -0.064755 0.049850 -0.208082 0.139629 -0.258361 0.050418 -0.030230 0.134941 0.001979 0.000607 -0.019367 0.062927 0.187600 -0.044592 -0.155771 -0.105146 0.133799 -0.060216 -0.145448 -0.054314 0.122671 -0.130576 -0.107888 -0.033602 -0.077556 0.088220 -0.155402 -0.209224 0.172020 -0.166175 0.047238 0.212232 0.024924 -0.047286 -0.014174 0.270183 -0.163694 0.038681
z+fr -0.288536 -0.124779 -0.061725 0.024408 -0.182642 0.136901 0.204373 0.099729 -0.014344 -0.126491 -0.183583 -0.072720 -0.061279 0.031960 -0.213295 0.151982 -0.181773 0.010897 -0.065146 0.160425 0.024661 -0.024558 0.053366 0.132844 0.163483 0.017235 -0.147548 -0.107990 0.175388 -0.088478 -0.071952 -0.007009 0.190861 -0.078856 -0.153989 -0.026222 -0.075508 0.156281 -0.142611 -0.216691 0.218541 -0.162242 0.114096 0.211763 0.043688 -0.116679 0.001202 0.262426 -0.125312 0.053818
hd+fr -0.120459 -0.030637 -0.026825 0.170205 0.058986 -0.088443 0.038041 0.086251 -0.135633 0.055020 0.112215 -0.089871 0.043131 0.044746 0.024288 0.061763 0.083904 -0.081247 -0.005058 0.027686 0.104175 -0.050279 -0.048842 -0.042484 -0.162399 0.024832 0.083296 -0.015005 0.215610 0.055080 0.021269 -0.100679 0.038505 -0.136697 -0.074159 -0.079291 0.057917 0.027486 -0.036948 0.039519 0.167078 -0.041324 0.175528 0.124226 -0.092324 0.053764 -0.098466 -0.020936 -0.142258 -0.093094
pws+fr -0.348045 0.023594 0.072821 -0.183581 -0.210685 -0.055831 0.191682 0.021370 0.011406 -0.048441 0.122775 -0.028463 0.053039 -0.187748 0.017663 -0.072250 -0.035480 -0.085339 0.040187 0.224158 0.096046 0.259279 0.156379 0.464122 -0.123108 -0.161834 -0.142867 -0.287547 0.080508 0.179650 -0.004359 -0.055537 0.247990 -0.054723 0.006301 -0.229413 0.137543 -0.060071 0.072575 -0.066726 0.355887 -0.026860 0.139396 0.105223 -0.005819 -0.310700 0.152372 0.049947 -0.001664 -0.022630
vminf+fr -0.365522 0.149900 0.026458 -0.280217 -0.331246 -0.075882 0.193461 -0.054960 -0.031076 0.008601 0.243209 0.070119 0.200417 -0.136436 0.033906 -0.172600 -0.081837 -0.060803 0.074279 0.132965 -0.041154 0.299149 0.073338 0.498981 -0.294231 -0.123515 -0.094882 -0.218799 0.077167 0.170096 0.022573 -0.084304 0.333321 -0.047025 -0.087811 -0.168424 0.023413 -0.197696 0.207211 0.095524 0.322334 0.004069 0.167594 0.097491 0.046606 -0.237592 0.116660 0.127304 -0.116855 0.238070
;+fr -0.241613 -0.122505 -0.061084 0.038139 -0.146363 0.141907 0.191720 0.076760 -0.010426 -0.137578 -0.186422 -0.093176 -0.049809 0.047216 -0.181775 0.126435 -0.150800 0.014975 -0.087473 0.135628 0.021165 -0.045575 0.049867 0.137859 0.152617 0.046148 -0.127030 -0.077916 0.144922 -0.112637 -0.057373 0.017876 0.167510 -0.059050 -0.141576 -0.007657 -0.082686 0.150831 -0.164453 -0.192311 0.162858 -0.151166 0.095339 0.166849 0.069550 -0.107283 -0.015601 0.229695 -0.111592 0.032537
uo+fr -0.167874 -0.046081 -0.035658 0.091421 -0.051738 -0.037484 0.070617 0.082052 -0.093632 0.005434 0.061056 -0.081193 0.053549 0.027073 -0.035903 0.027454 0.023031 -0.099471 -0.024779 0.083281 0.088535 -0.001619 0.012242 0.047150 -0.110979 0.028327 0.009627 -0.019143 0.201243 0.057399 -0.009399 -0.103205 0.123572 -0.118098 -0.088986 -0.081395 0.027467 0.021225 -0.030105 -0.045714 0.206371 -0.059145 0.179071 0.166058 -0.077123 0.026111 -0.065478 0.066953 -0.151031 -0.056153
advwh+fr 0.003900 0.006502 0.008297 0.025896 -0.001814 -0.022975 -0.015556 -0.001234 -0.018502 0.011250 0.042687 0.009364 0.001892 -0.002483 -0.004316 0.012134 0.010242 -0.001833 -0.003420 0.012102 0.007732 -0.000273 -0.002249 -0.045078 -0.025565 -0.009343 -0.002403 0.017941 0.043454 0.016500 -0.006624 -0.024778 -0.024082 -0.025877 -0.001703 -0.027811 0.000551 0.032833 0.013913 -0.010119 0.025320 -0.013374 0.028607 0.042257 -0.030190 0.025890 -0.029007 -0.003953 -0.037771 -0.024421
appo+fr -0.274745 -0.000758 0.034727 -0.134573 -0.125710 -0.066776 0.164270 0.039404 0.007944 -0.050224 0.069734 -0.061690 0.040400 -0.130448 0.021205 -0.040973 -0.022000 -0.055365 0.026616 0.163910 0.086919 0.184130 0.099935 0.368650 -0.118211 -0.098463 -0.098273 -0.225575 0.070997 0.120303 -0.013254 -0.024502 0.176495 -0.026666 -0.042101 -0.159528 0.103123 -0.046668 0.016331 -0.007398 0.263576 -0.021698 0.122463 0.044330 0.016519 -0.241394 0.103580 0.025609 0.018534 -0.030174
!+fr -0.171170 -0.068741 -0.057992 -0.005813 -0.130655 0.109145 0.120732 0.054639 0.014912 -0.095667 -0.104818 -0.028937 -0.058242 0.030492 -0.177409 0.104267 -0.162421 0.020313 -0.044551 0.157153 0.017506 -0.001376 0.032612 0.072922 0.147281 -0.006576 -0.167355 -0.064071 0.092909 -0.077000 -0.077604 -0.019828 0.112290 -0.056334 -0.097812 -0.033494 -0.062168 0.095507 -0.128730 -0.147210 0.128507 -0.104373 0.037627 0.147174 0.028044 -0.079429 -0.000001 0.201035 -0.078035 0.010900
prowh+fr -0.005217 0.010533 0.016735 0.019869 -0.000256 -0.011126 -0.007833 -0.007854 -0.014104 0.008894 0.028786 0.003537 0.017248 -0.009173 0.006000 0.003701 0.013840 -0.011709 -0.002375 0.023003 0.005573 0.001160 0.011141 -0.006596 -0.031569 -0.008370 -0.009526 0.001276 0.026898 0.028726 -0.007699 -0.011669 -0.001293 -0.021199 0.004647 -0.024226 -0.002813 0.009999 0.003776 -0.015771 0.024994 -0.007814 0.019848 0.039706 -0.036574 0.003994 -0.003081 0.002529 -0.027801 -0.012312
fm+fr -0.228939 -0.009679 0.046792 -0.096146 -0.137502 -0.008762 0.115562 0.035645 0.000922 -0.012611 0.029872 -0.063669 0.066695 -0.131796 0.049428 -0.042651 0.015728 -0.075003 -0.015097 0.124714 0.045510 0.143377 0.095037 0.297469 -0.112361 -0.037961 -0.030154 -0.133432 0.088320 0.112160 0.028869 0.005274 0.189540 -0.031585 -0.047118 -0.130497 0.054118 -0.029947 0.069275 -0.048453 0.239151 -0.002269 0.122671 0.101232 -0.005645 -0.190955 0.093403 0.061105 -0.025252 0.004747
vimp+fr -0.008691 0.007921 0.032926 0.021996 -0.015982 -0.028183 -0.022117 0.006253 -0.005040 0.026993 0.045382 -0.009377 -0.008253 -0.006248 -0.013241 0.023298 0.004511 -0.007598 -0.005252 0.012511 0.000456 0.001453 -0.002504 -0.042824 -0.028643 0.000648 -0.008411 0.015761 0.054157 0.030498 -0.006656 -0.020660 -0.010034 -0.020936 0.006340 -0.039725 0.007794 0.032415 0.013531 -0.018683 0.039091 -0.018959 0.040814 0.055945 -0.034186 0.014192 -0.016227 0.001859 -0.036274 -0.006484
ptka+fr -0.204626 0.027282 0.047480 -0.104757 -0.143748 -0.041308 0.148925 0.028293 -0.001463 -0.041087 0.083485 -0.018592 0.043430 -0.114088 0.005383 -0.044167 -0.006205 -0.063894 0.015374 0.138936 0.046105 0.156339 0.085609 0.279670 -0.101340 -0.070830 -0.071641 -0.155862 0.077933 0.114563 -0.011266 -0.021863 0.139999 -0.047043 -0.021227 -0.134259 0.051850 -0.039738 0.063819 -0.038830 0.242185 -0.034229 0.106720 0.088448 -0.012357 -0.161749 0.095760 0.046850 -0.026424 -0.027179
winien+fr -0.161614 -0.029248 -0.033597 0.106379 -0.026058 0.070662 0.083833 0.113819 -0.112099 -0.011623 -0.015160 -0.065642 0.036979 0.041453 -0.023908 0.081976 -0.018143 -0.051081 -0.046620 0.055099 0.067941 -0.070557 -0.034254 0.035293 -0.037273 -0.014618 0.032694 -0.056820 0.177197 0.044516 0.032552 -0.077488 0.116124 -0.140068 -0.072771 -0.065242 0.014384 0.040349 -0.085759 -0.094906 0.161633 -0.069774 0.137307 0.131452 -0.010426 -0.027630 -0.078897 0.074083 -0.149662 -0.045071
p+pro+fr -0.031848 -0.004411 0.041597 0.028598 -0.001709 -0.044924 -0.027651 -0.009216 -0.016247 0.024420 0.063546 -0.007448 -0.000998 -0.019228 0.011319 0.011445 0.013496 -0.037733 -0.005275 0.032283 0.023118 0.009591 0.011948 -0.040315 -0.064519 -0.016406 -0.018057 0.009846 0.080103 0.050364 0.006217 -0.050515 -0.002145 -0.028959 0.000556 -0.053410 0.002454 0.042120 0.030747 -0.035544 0.039504 0.004995 0.046821 0.091127 -0.083074 0.002623 -0.013418 0.005257 -0.062604 -0.010665
apzr+fr -0.200675 0.001485 0.040981 -0.096699 -0.109607 -0.014486 0.117366 0.013078 0.013523 -0.021379 0.047979 -0.037051 0.024458 -0.107859 0.025883 -0.036698 -0.007951 -0.047476 -0.008247 0.127768 0.052391 0.135078 0.105419 0.270065 -0.090216 -0.065138 -0.081086 -0.156665 0.056761 0.095202 0.016438 -0.021662 0.158890 -0.004403 -0.010814 -0.120496 0.061739 -0.024031 0.045347 -0.042327 0.200908 -0.002666 0.095265 0.067672 -0.006462 -0.182586 0.097281 0.031946 -0.005527 -0.003674
prelat+fr -0.238844 0.001499 0.035601 -0.093538 -0.126008 -0.049338 0.141412 0.040097 -0.006085 -0.022355 0.051933 -0.055855 0.054066 -0.103472 0.021205 -0.038936 0.009637 -0.054264 0.033505 0.126230 0.081253 0.139823 0.092596 0.322283 -0.109271 -0.052504 -0.059482 -0.181237 0.087519 0.103741 -0.000424 -0.006448 0.182625 -0.046004 -0.042268 -0.125917 0.092783 -0.057134 0.029103 -0.002661 0.249594 -0.027346 0.118358 0.048436 0.023636 -0.190755 0.078587 0.032425 -0.011022 -0.027450
pwat+fr -0.182727 -0.017152 0.018120 -0.045007 -0.051181 -0.051748 0.096656 0.015779 -0.013217 -0.022769 0.054442 -0.052814 0.013608 -0.049065 -0.004583 -0.016268 0.017910 -0.047718 0.034447 0.094195 0.066119 0.075561 0.064746 0.246490 -0.072245 -0.038775 -0.043141 -0.157113 0.071532 0.060515 0.020256 -0.011711 0.124958 -0.022624 -0.024146 -0.083939 0.093154 -0.024192 0.018405 -0.000642 0.195808 -0.030094 0.082789 0.007791 0.028910 -0.148391 0.034684 0.017171 0.008289 -0.019898
in+fr -0.038414 0.006704 -0.013232 0.053698 -0.015862 -0.002418 0.015922 0.029912 -0.043693 0.007109 0.044555 -0.013099 0.025153 0.018030 0.002175 0.010617 0.030618 -0.036453 -0.003152 0.022683 0.031159 -0.018714 -0.026228 -0.006768 -0.057779 0.000724 0.012847 -0.006798 0.070491 0.027193 0.011540 -0.045659 0.030194 -0.050563 -0.015972 -0.045043 -0.002729 0.011344 -0.000110 -0.013295 0.071131 -0.020101 0.068713 0.063126 -0.018229 0.018610 -0.039275 0.016982 -0.061568 -0.032948
vvimp+fr -0.195861 -0.008172 0.019096 -0.099844 -0.134547 0.004542 0.095103 0.018140 -0.011390 -0.003485 0.058453 -0.061638 0.081531 -0.123364 0.048588 -0.064773 0.002964 -0.071665 -0.015636 0.114879 0.048827 0.130369 0.088860 0.285327 -0.134921 -0.039162 -0.028389 -0.097895 0.073981 0.085954 0.033718 -0.007736 0.191288 -0.011946 -0.066844 -0.116356 0.021888 -0.045990 0.066504 -0.029377 0.185153 0.026748 0.127143 0.076095 0.004069 -0.173597 0.078939 0.064995 -0.031696 0.007265
adjp+fr -0.123016 -0.039658 -0.041112 0.073667 -0.052480 0.038859 0.043103 0.127934 -0.051743 -0.009853 -0.042089 -0.065509 0.059865 0.030413 -0.059372 0.045853 -0.058243 -0.036235 -0.018898 0.029282 0.032287 -0.030799 -0.012487 0.017609 -0.018640 0.026186 0.042178 0.009714 0.152635 0.016595 -0.054114 -0.040797 0.097798 -0.099327 -0.110066 -0.054840 -0.018377 0.007538 -0.058190 -0.061461 0.107134 -0.075399 0.114538 0.114902 0.024099 0.015002 -0.057319 0.123114 -0.147555 -0.017993
y+fr -0.155469 -0.048897 -0.020994 -0.005261 -0.098128 0.054335 0.093285 0.064033 -0.005238 -0.057935 -0.058377 -0.036829 -0.002465 0.004767 -0.093659 0.062280 -0.075765 -0.010990 -0.023359 0.085931 0.013147 0.004359 0.036752 0.099853 0.056219 0.000178 -0.073477 -0.054463 0.089030 -0.016322 -0.022757 -0.014405 0.115053 -0.046707 -0.069101 -0.042050 -0.016876 0.061641 -0.061052 -0.118242 0.128608 -0.083499 0.062820 0.107931 0.024763 -0.062278 -0.001952 0.126395 -0.073066 0.002271
ptkant+fr -0.133194 0.008609 0.016863 -0.063865 -0.083216 -0.008658 0.067357 0.015064 -0.006941 -0.008426 0.049550 -0.026719 0.049349 -0.070480 0.028821 -0.053131 0.005377 -0.056525 0.009221 0.087621 0.030816 0.088050 0.059063 0.169518 -0.082200 -0.050681 -0.037684 -0.076343 0.037589 0.066295 0.011602 -0.033263 0.119969 -0.011763 -0.012631 -0.081561 0.025424 -0.033046 0.045937 -0.039847 0.119739 0.002026 0.077661 0.052405 -0.009921 -0.099565 0.050550 0.041111 -0.014248 0.008888
hs+fr -0.051786 -0.013711 0.006274 0.064240 0.014651 -0.034407 0.002263 0.042837 -0.051940 0.021117 0.050390 -0.044014 0.016012 0.015474 -0.004283 0.033227 0.037157 -0.030148 -0.008877 0.010094 0.036506 -0.034685 -0.004252 -0.006111 -0.065111 0.006674 0.025040 -0.014967 0.103919 0.019389 0.012648 -0.027827 0.018404 -0.049327 -0.030570 -0.032110 0.030513 0.029970 -0.018344 0.004020 0.082627 -0.024928 0.083095 0.067059 -0.037379 0.009700 -0.053163 0.000559 -0.064514 -0.035351
adjwh+fr -0.032725 0.000006 0.037890 0.026217 -0.012645 -0.037724 -0.012531 0.009368 -0.015854 0.033018 0.061637 -0.005726 0.002997 0.002749 -0.008876 0.020898 0.015876 -0.029627 0.004761 0.032061 0.012414 0.008706 0.018891 -0.036172 -0.039502 -0.023203 0.005282 0.005310 0.054957 0.039774 0.006214 -0.031821 -0.013760 -0.032677 0.004219 -0.052904 0.012103 0.037568 0.021862 -0.019264 0.043069 -0.014821 0.036707 0.071620 -0.054962 0.004552 -0.017385 0.002476 -0.046894 -0.029948
detwh+fr -0.004267 0.000256 0.011206 0.009012 0.003670 -0.007295 0.003524 0.004426 -0.004904 0.007661 0.009833 0.009382 -0.004508 -0.003719 -0.010722 0.001878 0.005617 -0.005487 0.002891 0.003989 -0.001161 -0.011800 0.004620 -0.018404 -0.007104 -0.002491 0.002890 -0.002282 0.010875 -0.008718 0.008254 -0.002210 -0.007582 -0.009670 0.003434 0.004659 -0.005916 0.011681 -0.004119 0.008118 0.003385 -0.000908 0.013888 0.003998 0.001542 0.010354 -0.002467 0.003165 -0.001709 0.002783
itj+fr -0.075102 0.003837 0.010913 -0.039951 -0.036789 -0.016038 0.037627 -0.012895 0.005452 -0.020091 0.023018 -0.002730 0.003947 -0.037911 0.003082 -0.021158 -0.007836 -0.011419 0.001366 0.046731 0.029122 0.053253 0.017648 0.080759 -0.041250 -0.014079 -0.022053 -0.046025 0.009505 0.020972 0.002282 -0.020241 0.045632 -0.015006 -0.010412 -0.036576 0.024411 -0.008889 0.022407 -0.007601 0.074831 0.001114 0.030457 0.015082 0.001467 -0.041968 0.017545 0.017312 -0.007279 -0.001205
pposs+fr -0.068565 0.002843 0.007985 -0.017164 -0.028074 -0.011371 0.029121 0.015778 -0.014491 -0.012229 0.031566 -0.007030 0.009335 -0.026894 0.007036 -0.019748 -0.006722 -0.016926 0.016461 0.033255 0.027074 0.042874 0.021827 0.075291 -0.028278 -0.012699 -0.023840 -0.039672 0.011631 0.025994 0.003301 -0.015613 0.030343 -0.011437 0.000355 -0.026477 0.020157 -0.008640 0.004226 0.016278 0.055060 -0.015731 0.018184 0.011593 0.010457 -0.037764 0.012436 0.002676 0.003117 -0.004374
depr+fr 0.007322 0.000648 0.007897 0.004794 0.000458 0.004393 0.007735 -0.006110 -0.001404 0.007187 -0.009390 -0.007338 -0.001893 -0.007753 0.004523 0.009496 -0.000219 0.009205 -0.007285 0.004009 0.001657 0.005835 0.000754 0.009598 -0.001207 0.009005 0.008366 -0.001523 -0.001790 -0.009601 -0.001030 -0.006012 -0.003281 -0.004350 0.003404 -0.001197 0.002005 0.006870 0.006655 0.001711 -0.001189 -0.001992 -0.008577 -0.000652 -0.001939 -0.005969 0.006054 0.003963 0.009508 -0.002290
-+fr 0.001540 0.007508 0.002171 -0.004967 -0.004077 0.000658 0.009242 -0.006310 0.000198 -0.003124 0.005395 0.006057 -0.001509 -0.005918 -0.008658 -0.006027 -0.004552 0.001976 0.007462 -0.007435 0.009164 0.003663 0.004839 0.009658 -0.001678 0.000632 0.003584 0.000258 -0.004018 -0.007892 -0.004301 0.005377 0.002816 0.006027 0.000342 -0.005358 0.002559 -0.003920 -0.009409 0.008067 -0.001593 -0.001477 0.004825 0.008969 -0.008550 -0.006546 -0.003553 -0.005032 -0.000090 0.006489
adjc+fr -0.024997 -0.006442 -0.000910 0.016953 -0.012365 0.006401 0.020002 0.017031 -0.019903 -0.007749 -0.006659 -0.003681 -0.003357 0.001531 -0.010753 0.020242 -0.006603 -0.013178 -0.016952 0.002152 -0.003931 -0.011755 0.000886 0.003064 0.006667 0.005666 0.007123 -0.008958 0.025360 -0.002866 0.008006 -0.004410 0.016045 -0.022690 -0.012851 -0.009563 -0.009935 0.007489 -0.012659 -0.016584 0.011190 -0.008648 0.027325 0.019716 -0.004248 0.004391 -0.020116 0.011070 -0.009127 -0.007759
