168 25
noun 0.373814 0.151831 -0.128988 0.219400 0.548030 -1.081631 -0.303670 0.281573 0.878258 -0.571961 -0.478333 0.009445 0.464277 -1.015181 0.458419 1.712033 0.128109 0.112821 0.012710 1.141169 -0.382630 -0.233086 0.153066 -0.215191 0.984163
. 0.970175 0.316917 0.157882 0.771401 0.569731 -0.452077 -0.645681 0.908592 1.044622 -0.163659 -0.438835 -0.295792 0.352702 -1.000210 -0.416303 1.159882 -0.076945 0.218716 -0.842345 0.554994 -1.333781 -0.152550 0.010544 0.151246 0.808230
verb 0.437831 -0.145202 0.598229 1.046680 0.820610 -1.251902 0.107658 0.482775 0.654894 -1.105111 0.319452 -0.561279 0.742086 -1.650905 -0.056654 1.117133 0.221745 0.455793 -0.493317 0.032257 -1.076519 -0.224723 -0.258049 -0.381681 0.630834
adp 0.153859 0.048278 0.070629 0.322793 0.680906 -0.220620 -0.283834 0.643683 1.090168 -0.319029 -0.674170 -0.240592 1.027713 -1.331230 -0.407349 1.071297 0.195471 -0.530866 -0.745549 0.260426 -1.412819 0.438126 -0.393330 0.609775 0.098610
det 0.014164 -0.178623 -0.651892 0.263453 1.036044 -0.460154 -0.626905 1.024825 0.627860 -0.870686 0.090308 -0.198646 0.805173 -0.893626 -0.133097 1.291134 0.133220 -0.251849 -0.701299 -0.172125 -0.991847 -0.446477 0.152145 0.556286 1.055496
adj -0.242677 0.293627 -0.179312 0.218361 0.230617 -0.623615 -0.462456 0.334382 0.605510 -1.064619 -0.325352 -0.252403 0.637133 -0.964387 -0.309046 1.201845 0.395985 -0.568830 -0.170931 0.155004 -0.921933 -0.436253 -0.089814 -0.063489 1.195275
nc+fr 0.362511 0.019442 -0.266531 0.231919 0.350642 -1.071053 -0.445073 0.304388 0.846542 -0.449873 -0.366043 0.053294 0.368661 -1.062881 0.444204 1.479976 0.466141 -0.034035 0.025326 1.301171 -0.117098 -0.225626 -0.078208 -0.173013 0.800473
n+hu -0.032295 0.144545 0.020661 -0.331660 0.958671 0.513650 0.647489 -0.037728 0.132796 0.134512 -0.210370 -0.139911 -0.211550 -0.503321 0.682453 0.573821 -0.328020 0.162434 0.218944 -0.159537 0.143369 -1.165833 -0.370402 0.024297 -0.507858
adv 0.347785 -0.218620 0.225083 0.937175 1.013247 -0.590332 -0.498037 0.461949 0.406278 -0.740086 -0.190701 -0.468829 1.055602 -1.302355 -0.049265 0.678310 0.612830 0.298664 -0.445801 0.435173 -0.475629 -0.454591 -0.481019 0.226578 0.443280
pron 0.562357 0.362062 0.688316 0.380140 0.875061 -0.813712 -0.316717 0.452543 0.274548 -0.892629 -0.373730 -0.871772 0.879618 -1.045690 -0.071365 1.119329 0.267036 0.588085 -0.695947 -0.088407 -0.558490 -0.811686 -0.964423 -0.038571 1.066129
det+fr 0.120152 -0.228694 -0.849404 0.204676 0.792646 -0.323541 -0.513934 0.986938 0.544701 -0.809554 0.147324 -0.196924 0.605948 -0.680273 -0.107419 0.986160 0.065142 -0.619481 -0.632047 -0.250667 -0.787919 -0.479738 0.125038 0.436276 0.861390
conj 0.864677 0.009170 0.132581 0.647297 -0.032398 -0.699525 -0.276020 0.722236 1.006944 -0.614966 -0.182467 -0.409643 0.173709 -1.406445 -0.470181 0.653004 -0.074429 -0.253619 -0.583594 0.337866 -0.773461 -0.308402 -0.628704 -0.291953 0.442654
ponct+fr 0.836177 0.243192 0.031785 0.523449 0.473927 -0.450315 -0.494112 0.679464 0.859338 -0.229660 -0.385418 -0.201280 0.331338 -0.857523 -0.359095 1.026480 -0.180156 -0.080212 -0.574010 0.392539 -1.023785 -0.037366 0.034633 0.130683 0.664902
p+fr 0.163579 0.107405 0.136654 0.363069 0.529371 -0.116704 -0.064694 0.522047 0.908250 -0.285221 -0.603063 -0.182203 0.945546 -1.146561 -0.287725 0.798003 0.097216 -0.588541 -0.653509 0.300867 -1.244721 0.391415 -0.560454 0.481545 0.143439
nn+sv -0.398525 0.144802 -0.052190 0.043078 0.295164 0.189110 -0.380289 0.527923 0.683845 -0.578993 -0.840630 0.199605 0.067007 -1.306672 -0.271796 1.080180 0.471443 -0.690715 0.189252 0.217287 -0.455419 -0.823021 -0.499122 -0.223314 1.016948
nn+de 0.638870 0.741640 0.468402 -0.241502 0.920476 0.807564 -0.219796 -0.614535 -0.218064 0.242866 0.310716 -0.121566 -0.362928 -0.264634 -0.208244 0.656301 0.103534 -0.512673 0.063052 -0.555000 -0.318771 -0.814488 0.167275 -0.166069 -0.645583
subst+pl 0.045311 -0.295269 -0.120716 0.558145 0.800584 0.708320 0.337065 0.595607 0.363425 -0.285880 -0.804403 0.832354 -0.087790 -1.088676 0.330827 0.487926 0.183501 -0.944646 0.498311 0.657859 0.237618 -0.728439 0.076392 -0.274811 0.611707
a+hu -0.333381 -0.085672 -0.225658 -0.748623 0.676446 0.869910 0.696982 0.130631 0.089005 0.462163 0.192416 0.172705 -0.492208 -0.185517 0.353150 0.133258 -0.439066 -0.180345 -0.027531 -0.698210 -0.050156 -0.541478 -0.145866 0.395233 -0.863551
t+hu 0.553499 -0.080633 0.236531 -0.659730 0.577512 0.317613 1.330443 0.254444 -0.117046 -0.197844 0.962297 0.262355 -0.773205 -0.346450 0.864125 -0.177051 -0.536205 -0.026520 -0.465358 -0.330643 0.587157 -0.706141 -0.253290 0.076973 -0.473568
vb+sv 0.308807 -0.335219 0.331655 1.142048 0.430589 0.182949 -0.006918 0.690760 0.374748 -0.939323 -0.784026 0.001346 0.248124 -1.327080 -0.568737 0.145775 0.095847 -0.620849 0.187387 -0.051257 -0.307194 -0.654932 -0.203079 -0.516498 0.771835
adj+fr -0.033982 0.138381 -0.379608 0.175938 0.193390 -0.340904 -0.520448 0.436976 0.450005 -0.827442 -0.365304 -0.189311 0.524530 -0.596902 -0.234185 0.831335 0.321056 -0.687832 -0.161185 0.181945 -0.498280 -0.406147 -0.118219 -0.001167 1.012284
v+hu 0.107817 -0.330419 0.255276 0.285798 0.891042 0.941377 0.718673 0.163999 0.048417 0.245047 -0.330665 -0.036320 -0.345198 -0.632641 0.175690 -0.279718 -0.403450 0.091085 0.174913 -0.444398 0.141889 -0.833517 -0.277898 -0.075682 -0.976552
art+de 0.747320 0.060685 0.724889 -1.096245 0.097457 0.058101 0.239177 0.054945 -0.494068 -0.155215 1.502402 0.651973 -1.118610 -0.322105 -0.033359 -0.174427 0.239606 -0.020575 -0.556145 -0.731371 0.746328 -0.044568 0.178925 0.157346 0.113803
r+hu 0.089081 -0.201411 0.277702 0.004375 0.966935 0.461508 0.753544 0.019958 0.076754 0.500176 -0.103988 0.381056 -0.230310 -0.682458 0.851732 0.187057 -0.033825 0.343822 0.245042 0.433780 0.514739 -0.556603 -0.270372 0.027315 -0.653843
pp+sv 0.200996 -0.191710 0.180465 0.626175 0.284354 0.570284 0.054333 0.982624 0.586026 -0.513221 -0.621874 0.517199 0.146819 -1.201316 -0.598074 0.049638 0.123714 -1.148069 -0.389913 0.042177 -0.681153 -0.001970 -0.123825 0.075109 0.713008
interp+pl 0.435946 -0.381084 0.278870 0.510386 0.997816 1.112275 0.637735 1.272017 0.359299 0.127734 -0.674410 1.092097 -0.415047 -0.908875 0.147062 0.071129 -0.189581 -0.556497 -0.259765 0.254189 -0.180662 -0.229758 0.361181 0.176271 0.696147
v+fr 0.605538 -0.116822 0.471757 0.764088 0.457908 -0.861161 0.029652 0.551477 0.563352 -0.790029 0.235195 -0.232186 0.396462 -1.214587 -0.263566 0.653764 -0.003252 0.386174 -0.543953 0.085357 -0.794418 -0.026569 0.022480 -0.146701 0.660957
,+hu -0.004820 0.198042 0.903564 -0.438587 1.154036 0.783111 1.047750 0.265645 -0.169677 0.796742 0.152671 0.284364 -0.492588 -0.051837 0.537341 0.076339 -0.533500 1.131850 -0.570048 -0.420207 -0.322223 -0.203721 0.002516 0.569608 -0.496628
appr+de 0.613684 0.483223 0.734214 0.002859 -0.089543 0.290647 -0.307513 -0.407828 0.056343 -0.125300 1.087785 0.391362 -0.666784 -1.087478 -0.416501 0.111503 1.126899 -0.941349 -0.292682 0.205107 -0.120943 -0.222812 -0.328359 -0.279733 -0.161242
c+hu -0.054696 0.162344 0.136324 -0.516693 0.545364 0.953445 0.911068 -0.344563 0.112022 0.601295 0.052866 0.175341 -0.437574 -0.488968 0.615476 -0.073362 -0.171495 -0.487814 0.210095 -0.009824 0.289978 -0.694066 -0.698522 0.050839 -1.308416
num -0.464032 -0.463377 -0.152148 0.018308 0.159201 0.585625 -0.336316 1.216100 0.377399 -0.318452 -1.176924 0.616191 -0.401900 -0.937954 -0.539895 0.255656 0.114224 -0.203908 0.339553 -0.361995 0.199859 -0.778762 -0.111908 -0.062515 1.241253
adv+fr 0.259659 -0.078031 0.053256 0.665705 0.693722 -0.455266 -0.316755 0.232423 0.358432 -0.674054 -0.193159 -0.361623 0.781278 -0.953966 -0.018478 0.695380 0.402821 -0.072505 -0.179028 0.332432 -0.344868 -0.412317 -0.353179 -0.042250 0.400894
npp+fr 0.175678 0.085479 -0.454244 0.326721 0.237969 -0.415435 -0.185102 0.520060 0.641784 -0.562001 -0.570030 -0.199073 0.313387 -0.593200 0.157083 0.875191 -0.127120 -0.122757 -0.039460 0.479282 -0.306035 -0.721933 -0.175602 -0.172313 0.894940
ne+de 0.709071 0.398670 0.734942 -0.224989 0.793068 0.158699 -0.802290 -0.621212 -0.716635 0.197855 1.212691 0.296124 -0.697892 0.081979 -0.473707 0.514492 0.811177 0.318175 -0.117666 -0.464694 0.030852 -0.088388 1.143005 0.130947 -0.032975
adja+de 0.236859 0.168505 0.186829 -0.876292 -0.132198 0.604705 -0.564741 -0.235572 0.028728 0.163701 1.174957 0.315110 -0.893864 -0.821340 -0.914388 0.034173 0.773971 -1.184914 -0.188532 -1.116264 -0.195114 -0.098671 -0.122700 0.162242 -0.643710
jj+sv -0.582817 0.043045 -0.147296 0.080677 0.137556 0.806350 -0.080673 0.816055 0.428400 -0.530558 -0.948871 0.377157 -0.093960 -0.741615 -0.530560 0.375329 -0.032126 -0.944864 0.068871 -0.363728 -0.596618 -0.578139 -0.079437 -0.016268 1.020810
prep+pl -0.035458 -0.531033 0.169003 0.281256 0.711174 0.959976 0.773237 1.326945 0.657519 -0.095198 -0.552611 0.765278 -0.324683 -1.370591 -0.047705 -0.052681 -0.115746 -0.650436 -0.407958 -0.113477 -0.407183 -0.339441 -0.271341 0.305834 0.393558
ab+sv 0.233107 -0.043322 0.262693 0.508423 0.357477 0.288254 -0.301881 0.418304 0.261840 -0.563719 -0.960475 0.220076 0.381669 -0.998690 -0.287888 0.324514 0.472335 -0.749482 0.146294 0.456511 0.092194 -0.429700 -0.390351 -0.181008 0.858773
adj+pl -0.024507 -0.105882 0.005308 0.224405 0.879701 1.223466 0.595964 0.644029 0.009545 -0.126922 -1.090319 0.807176 -0.206435 -0.398629 0.203738 0.186266 -0.323263 -0.885019 0.396251 0.063112 0.155607 -0.621743 0.309080 -0.131476 0.650216
p+d+fr 0.380438 0.065999 -0.377855 0.174312 0.490895 0.403107 -0.435359 0.952111 0.397430 -0.575191 -0.673734 -0.013063 0.522563 -0.366199 -0.488335 0.422084 -0.101221 -1.133345 -0.607759 -0.237648 -0.733900 -0.073076 0.095644 0.486809 0.870446
.+hu 0.542961 -0.540387 -0.294615 -0.262766 1.105209 0.638066 0.939186 0.699765 0.127877 0.517275 0.909199 0.853590 -0.723571 -0.278275 0.777748 -0.021822 -0.493133 -0.012926 -0.479084 -0.075504 0.287999 -0.147946 0.566249 0.459249 -0.665167
mad+sv -0.017455 -0.429485 0.079594 0.435841 0.057938 0.464128 0.515013 1.221906 0.373765 -0.553223 -0.273394 1.002730 -0.375659 -0.824535 -0.093342 -0.253210 -0.027730 -0.681508 -0.287870 0.166373 -0.114858 -0.125156 0.202615 -0.055703 1.236060
p+hu -0.403595 -0.164224 0.121940 -0.351820 0.715859 0.590521 0.761014 -0.335733 -0.118867 0.669430 -0.030990 0.246021 -0.364029 -0.171233 0.761218 0.096845 -0.175170 0.358173 0.499136 0.018447 0.503404 -0.431669 -0.181289 0.001223 -0.977156
$.+de 0.304833 -0.051261 0.935019 0.619441 1.366464 0.766222 0.216788 0.298946 -0.148558 0.711500 0.723843 1.210330 -0.551542 -0.699831 0.021530 0.238466 0.501691 0.492607 -0.335679 0.211779 -0.583000 0.244516 1.107311 0.295408 -0.020459
$,+de 0.413168 0.391146 0.717002 0.050917 0.706181 0.429834 0.362287 0.043934 0.139746 0.487796 1.207450 0.701524 -0.719388 -0.736589 0.263735 0.362748 0.546203 0.151325 -0.674504 0.385883 -0.565253 -0.161606 0.235085 0.214127 -0.244829
vpp+fr 0.096769 -0.105943 -0.342560 0.539871 0.595389 -0.419137 -0.392374 0.232939 0.342241 -0.679134 -0.068706 -0.343886 0.660391 -0.740102 0.059738 0.723525 0.373051 -0.311483 -0.091490 0.221554 -0.331899 -0.546584 -0.214943 -0.070565 0.392998
dt+sv 0.082159 -0.150732 -0.150845 -0.062692 0.299007 0.180208 0.271001 0.835609 0.305058 -0.964489 -0.316435 0.658123 -0.041170 -0.970691 0.224922 0.404582 0.217971 -1.046460 -0.146851 0.330215 0.307440 -0.585229 -0.314949 -0.104756 1.332388
adv+de 0.073016 0.447628 0.701575 -0.365348 0.491388 0.604497 -0.299814 -0.297966 -0.022575 0.324437 0.466843 0.525205 -0.853677 -0.836963 -0.051813 0.535435 0.840218 0.119170 0.056681 0.189440 0.233226 -0.869363 -0.274350 -0.149075 -0.068735
pn+sv -0.060507 0.119777 0.784700 0.589706 0.931099 0.575974 0.263275 0.147088 -0.032122 -0.365353 -1.192583 0.484369 0.459006 -0.750681 0.305197 0.440423 0.405504 -0.277785 0.311304 0.636848 0.141594 -0.438278 -0.250268 -0.236276 0.913640
vvfin+de 0.495048 0.101693 0.933742 0.314002 -0.154589 0.594324 -0.673793 -0.294434 -0.345210 -0.100503 0.276365 0.358331 -0.667146 -0.620401 -1.009062 -0.487037 0.842607 -0.348137 0.123242 -0.350558 0.225274 -0.146284 0.093696 -0.420174 -0.018183
m+hu -0.271893 -0.175321 0.177392 -0.884836 0.502762 0.691969 0.677021 0.299415 0.000535 0.313022 0.164489 0.304717 -0.721879 -0.439782 0.352263 0.019459 -0.281479 0.243728 -0.034217 -0.693229 0.390355 -0.710045 -0.452850 0.279167 -0.438221
praet+pl 0.382504 -0.678924 0.153093 1.091832 0.691944 0.958319 0.256940 0.806492 0.159382 -0.492313 -0.780816 0.411523 -0.298805 -1.117455 -0.437844 -0.447211 -0.113387 -0.570033 0.387196 -0.309909 0.223480 -0.831470 0.184765 -0.412361 0.117217
cc+fr 0.290294 -0.026894 -0.207568 0.365525 0.161964 -0.298146 -0.235127 0.574132 0.554133 -0.513638 -0.401268 -0.019964 0.373960 -0.696052 -0.119841 0.572586 0.082223 -0.460820 -0.239117 0.408098 -0.395825 -0.129750 -0.135240 0.021926 0.699234
kn+sv 0.176897 -0.319560 0.121234 0.432916 0.134055 0.534036 0.152690 0.880476 0.300448 -0.554273 -0.467305 0.773401 -0.221091 -1.021637 -0.262270 -0.136496 0.215318 -0.883851 -0.080595 0.207840 0.062886 -0.279238 -0.114802 -0.172839 0.869227
prt -0.275835 0.345953 0.513525 0.119085 0.061511 0.017386 0.153230 0.235801 -0.073814 -0.833929 -1.133378 0.327886 0.777059 -0.329427 0.025312 0.426993 0.222921 -0.776670 0.057819 0.514500 -0.040129 0.170176 -0.484366 -0.155384 1.628923
$lrb+de 0.853843 0.369339 1.175266 0.416304 0.685829 0.568223 -0.263756 -0.299953 -0.491198 0.235260 0.671112 0.533492 -0.476265 -0.405122 -0.598476 -0.119469 0.553155 -0.148769 -0.213216 -0.273403 -0.305628 0.221673 0.755029 -0.034516 -0.054656
vinf+fr 0.089078 -0.256091 -0.341645 0.344183 0.438519 -0.787898 -0.115947 0.335006 0.471709 -0.584751 0.325648 -0.120528 0.398329 -0.868729 0.337738 0.796686 0.328969 0.019912 -0.214829 0.479021 -0.149603 -0.378488 -0.195548 -0.079960 0.392085
k+hu 0.305897 -0.269700 -0.050236 0.001939 1.033980 0.709250 0.668312 0.304062 0.164383 0.317113 0.173876 0.231059 -0.382718 -0.520497 0.417944 0.107539 -0.362634 -0.102212 -0.112594 -0.194586 0.053553 -0.616735 0.077268 0.171738 -0.783625
qub+pl 0.396358 0.038499 0.795181 0.547078 0.922968 0.765277 0.559920 0.485326 0.037737 -0.182777 -1.037208 0.642101 0.230097 -0.833407 0.319189 0.059985 0.163622 -0.592459 0.034326 0.631455 0.147777 -0.279606 -0.208884 -0.006475 0.726012
mid+sv 0.142865 -0.272782 0.268353 0.692305 0.515807 0.500900 0.265944 1.016668 0.359931 -0.445490 -0.559507 0.733615 -0.169905 -0.984066 -0.121056 0.143656 0.061618 -0.495030 -0.139642 0.265157 -0.256793 -0.366770 0.151582 -0.137820 1.056253
fin+pl 0.505449 -0.508876 0.043405 1.009696 0.589189 0.910912 0.233138 0.749136 0.302037 -0.252698 -0.627223 0.444080 -0.385455 -0.947372 -0.277759 -0.332377 -0.191019 -0.545116 0.273851 -0.011041 0.126050 -0.774692 0.197724 -0.416776 0.027538
vafin+de 0.265645 0.201803 0.961911 0.105292 0.149264 0.898744 -0.589295 -0.164976 -0.349140 0.138471 0.088955 0.490251 -0.847079 -0.605438 -0.897700 -0.385289 0.710943 -0.132290 0.133485 -0.427608 0.220817 -0.458280 0.081673 -0.235596 -0.014466
kon+de 0.486616 0.433017 0.898610 -0.293063 0.263737 0.518558 -0.181614 -0.212610 -0.226637 0.206237 0.844305 0.671841 -0.817518 -0.647615 -0.349297 0.067711 0.691431 -0.208387 -0.278504 -0.111943 -0.014806 -0.140813 0.156244 -0.020367 -0.001931
vvpp+de 0.594450 -0.245618 1.029621 0.394349 0.920935 0.634170 -0.458108 -0.134212 -0.397021 0.391025 0.375009 0.846659 -0.638344 -1.082232 -0.462898 -0.014335 0.812962 0.113555 0.437266 -0.307419 0.355202 -0.084373 0.556064 -0.289733 -0.238169
adv+pl 0.355687 -0.007530 0.424592 0.512689 0.596945 0.768614 0.438404 0.452163 0.198580 -0.180802 -0.861134 0.516020 0.016502 -0.815227 0.199002 0.016758 0.062273 -0.718118 0.119235 0.516826 0.156390 -0.537097 -0.297863 -0.167333 0.402591
s+hu 0.092878 -0.138765 -0.089307 -0.264547 0.885315 0.975221 0.764259 0.411316 0.264524 0.361454 0.106336 0.259678 -0.418927 -0.528053 0.272644 0.022181 -0.408872 -0.310301 -0.252969 -0.429562 -0.178534 -0.587151 -0.115981 0.412088 -0.795197
cls+fr 0.210349 0.256356 0.096939 0.241850 0.701362 -0.101317 -0.369454 0.110614 0.036066 -0.533385 -0.437760 -0.486641 0.602640 -0.449651 0.017779 0.646928 0.297952 -0.090319 -0.158083 0.022470 -0.162522 -0.751972 -0.434667 0.009115 0.506613
x 0.488048 0.375715 -1.110927 1.009025 0.201563 0.113890 -0.733166 0.174962 0.955024 -0.221174 -0.140918 -0.659960 -0.025982 -0.465779 0.068082 0.721680 -0.019176 -0.356978 -0.237855 0.849617 -0.684307 -1.567478 -0.143598 -0.432909 -0.157085
adjd+de 0.052717 0.197620 0.646055 -0.246106 0.641779 0.722945 -0.260704 -0.142430 -0.205113 0.476548 0.327428 0.556062 -0.746251 -0.581866 -0.179082 0.223441 0.484492 0.218060 0.119259 -0.247237 0.166175 -0.522115 0.135215 -0.016077 -0.179151
apprart+de 0.790897 0.153574 0.901479 -0.652906 0.012801 0.195116 0.178383 -0.057535 -0.350589 -0.163653 1.347976 0.786121 -0.853430 -0.707973 -0.273233 -0.246282 0.562784 -0.726188 -0.469593 -0.461228 0.382335 0.311423 0.095887 0.026759 0.060442
prorel+fr 0.224027 0.153264 0.034586 0.305051 0.306841 -0.181056 -0.316610 0.219542 0.255000 -0.470530 -0.505785 -0.399187 0.515958 -0.462323 -0.159639 0.443252 0.142902 -0.236624 -0.184026 0.092493 -0.273782 -0.374101 -0.379111 -0.037935 0.435945
card+de 0.177960 0.062568 0.352353 -0.978457 -0.040868 0.273434 -0.453321 0.151539 -0.116726 0.165737 1.004623 0.478166 -1.083225 -0.560552 -0.470193 0.098676 0.568178 0.095301 -0.331960 -0.752091 0.355829 -0.375721 -0.135917 0.209169 0.099377
pper+de 0.124394 0.467422 0.608424 -0.395113 0.754758 0.316883 0.005854 -0.523830 -0.077333 0.720418 0.763192 0.464963 -0.784846 -0.488915 0.501496 0.746119 0.523839 0.703792 0.051084 0.375800 0.177098 -0.678200 0.045224 -0.074049 -0.453268
rg+sv -0.291175 -0.240518 -0.149620 0.291543 0.160459 0.487251 0.073116 0.809485 0.329030 -0.475211 -0.733016 0.481661 -0.180511 -0.669072 -0.181568 0.173555 -0.032897 -0.523134 0.204757 -0.061469 -0.094670 -0.595325 0.072633 -0.171944 0.959893
cs+fr 0.202149 -0.024892 0.112305 0.475557 0.123837 -0.282095 -0.109771 0.218489 0.413010 -0.371531 -0.291346 -0.112038 0.359787 -0.742376 -0.160287 0.374901 0.138575 -0.157579 -0.095463 0.343820 -0.338194 -0.109619 -0.243900 -0.111327 0.332657
vvinf+de 0.196444 -0.108768 1.201676 0.180640 0.676538 0.756933 -0.173363 -0.396247 -0.625096 0.600962 0.090216 0.913476 -0.576031 -0.522653 -0.429142 -0.340262 0.548491 0.215124 0.657842 -0.287202 0.448917 0.260861 0.656661 -0.197576 -0.429430
conj+pl 0.127198 -0.229502 0.060020 0.242807 0.660066 0.936474 0.664494 0.867027 0.305386 -0.030248 -0.773449 0.625664 -0.163112 -0.625848 0.162852 0.010786 -0.331464 -0.709391 -0.092942 0.046016 -0.143240 -0.374203 -0.004698 0.114497 0.365147
pc+sv -0.334389 -0.099462 -0.098640 0.193002 0.175762 0.480348 -0.031115 0.625282 0.318915 -0.446997 -0.752620 0.384381 0.001229 -0.650798 -0.270365 0.287283 0.117267 -0.677772 0.128010 -0.053338 -0.230109 -0.435563 -0.069003 -0.064721 0.846978
pm+sv -0.319792 -0.132411 0.030915 0.194505 0.212707 0.365550 -0.038664 0.569112 0.466059 -0.206379 -0.770435 0.481341 -0.234467 -0.931639 -0.035586 0.461295 0.267301 -0.305431 0.293701 0.376051 0.016221 -0.597936 -0.225131 -0.229475 0.763886
sn+sv 0.132982 -0.160392 0.370931 0.477950 -0.051461 0.352713 -0.034747 0.456110 0.095450 -0.579087 -0.559323 0.259736 -0.108183 -0.810744 -0.525447 -0.231477 0.226443 -0.594438 0.125479 -0.084587 0.071258 -0.370456 -0.302000 -0.351859 0.639377
hp+sv -0.016868 -0.170888 0.625579 0.530753 0.150501 0.393993 0.053694 0.319723 -0.051417 -0.446401 -0.678385 0.562786 0.044513 -0.736558 -0.206671 -0.195837 0.431008 -0.348197 0.207978 0.264896 0.325279 -0.135584 -0.169991 -0.269825 0.756615
pro+fr 0.032913 0.031528 -0.299109 0.172569 0.227740 -0.355477 -0.258514 0.227215 0.299062 -0.487906 -0.142116 -0.175853 0.229488 -0.417292 0.114662 0.601685 0.147339 -0.073756 -0.025027 0.278159 -0.082660 -0.583222 -0.155936 -0.130515 0.496277
clr+fr 0.235599 0.055300 -0.063948 0.274322 0.482217 -0.070981 -0.207091 0.321002 0.189955 -0.405936 -0.340342 -0.293549 0.383904 -0.411612 -0.066989 0.433648 0.021472 -0.185709 -0.156135 -0.039505 -0.247742 -0.473638 -0.206887 -0.002204 0.398977
ie+sv -0.083424 -0.051372 0.408465 0.345731 0.364650 0.326456 0.361908 0.283893 -0.035745 -0.524820 -0.803062 0.510460 0.308377 -0.523990 0.315805 0.058688 0.253516 -0.476213 0.192068 0.581733 0.367070 -0.180799 -0.281527 -0.212339 0.898580
vmfin+de 0.354421 0.222543 1.019128 0.282878 0.529114 0.949304 -0.098310 -0.329806 -0.419261 0.104861 0.021080 0.638271 -0.465150 -0.615539 -0.441269 -0.194431 0.596459 -0.484508 0.301479 -0.177510 0.169275 -0.178022 0.244222 -0.301693 -0.119432
pad+sv -0.235851 -0.222222 -0.304937 0.304471 0.188302 0.261814 -0.066962 0.798640 0.506956 -0.213306 -0.427707 0.490572 -0.203008 -0.719214 -0.110141 0.366775 0.165124 -0.358153 0.000577 0.248464 -0.260197 -0.434082 0.018833 -0.012873 0.719546
inf+pl 0.282261 -0.147167 0.113400 0.550936 0.640169 0.771016 0.307236 0.477819 0.201626 -0.100336 -0.679389 0.466691 -0.134642 -0.650695 0.117102 0.048193 -0.077949 -0.594147 0.164188 0.290753 0.066827 -0.567418 0.080077 -0.180085 0.275242
ppron3+pl 0.039276 -0.256987 0.316462 0.381375 0.745260 0.600518 0.418351 0.482586 -0.047782 -0.305031 -0.820992 0.556446 0.086798 -0.656258 0.193787 0.104407 0.031747 -0.411816 0.305164 0.160813 0.291474 -0.412980 0.029438 -0.112857 0.574144
kous+de 0.384973 0.331463 0.853410 -0.034486 -0.120197 0.552533 -0.782666 -0.916221 -0.421887 0.217991 0.184441 0.146299 -0.616445 -0.470767 -0.730857 -0.181443 0.809485 -0.415902 0.617904 -0.262393 0.491748 -0.332918 -0.084145 -0.600303 -0.502282
comp+pl 0.120725 0.020610 -0.185856 0.289126 0.458671 0.860171 0.371046 0.252043 0.176898 -0.085733 -0.773103 0.288766 -0.163707 -0.382647 0.242174 0.104869 -0.291498 -0.784954 0.408450 0.245910 0.170561 -0.810715 -0.065520 -0.307485 0.073802
clo+fr 0.213963 0.059127 0.030678 0.250186 0.427256 -0.072209 -0.132745 0.245658 0.163854 -0.348659 -0.271086 -0.214393 0.349842 -0.412689 -0.039086 0.374236 0.045814 -0.111339 -0.118272 -0.010387 -0.220431 -0.367546 -0.212719 -0.018133 0.304868
et+fr 0.164462 0.041599 -0.431883 0.320360 0.283660 -0.083467 -0.267787 0.272048 0.340504 -0.284251 -0.095859 -0.082311 0.029651 -0.386638 0.136320 0.494502 0.095716 -0.155004 -0.058372 0.350357 -0.098450 -0.688382 0.037808 -0.136131 0.284686
piat+de 0.350463 0.217544 0.473574 -0.727943 0.041762 0.306165 -0.096307 -0.108640 -0.166409 0.056188 0.997335 0.453957 -0.835628 -0.516203 -0.231004 0.059641 0.474033 -0.324459 -0.300583 -0.456233 0.219444 -0.180710 -0.080826 0.049474 -0.104689
pposat+de 0.486028 0.011232 0.635650 -0.843006 0.130164 0.247276 0.084788 0.027151 -0.430030 0.006888 1.144726 0.629463 -0.921561 -0.327545 -0.212371 -0.202796 0.286940 -0.136833 -0.370176 -0.733912 0.499640 0.096772 0.190010 0.186630 0.027950
prels+de 0.263112 0.308927 0.718799 -0.720481 0.151948 0.656679 -0.625389 -0.809283 -0.646446 0.191841 0.252067 0.148213 -0.870549 -0.245926 -0.576605 -0.010377 0.550277 -0.183672 0.624384 -0.757978 0.852557 -0.653515 -0.071232 -0.386853 -0.449088
pl+sv -0.120519 -0.036181 0.202303 0.354101 0.338762 0.314537 0.162135 0.281580 0.119465 -0.362638 -0.724383 0.317285 0.165370 -0.549263 0.126726 0.234279 0.157939 -0.339122 0.240495 0.396799 0.102872 -0.343472 -0.179188 -0.213519 0.692360
vpr+fr 0.018313 -0.091462 -0.313320 0.203342 0.092236 -0.268100 -0.098583 0.300667 0.316194 -0.349774 -0.129463 -0.069018 0.240594 -0.348882 0.031044 0.334895 0.037357 -0.223261 -0.064804 0.213648 -0.151890 -0.191550 -0.051666 -0.032854 0.371476
ptkvz+de 0.500405 0.092918 1.005242 -0.014354 0.426129 0.593747 -0.255687 -0.445749 -0.599924 0.189492 0.298060 0.567534 -0.515337 -0.409291 -0.487115 -0.226317 0.518343 -0.239588 0.303689 -0.430506 0.414058 0.060507 0.359937 -0.238181 -0.150419
ha+sv 0.047504 -0.190514 0.298314 0.408349 0.050463 0.321371 0.001250 0.488736 0.119743 -0.424469 -0.445670 0.393274 -0.083506 -0.681844 -0.362953 -0.178050 0.239475 -0.452909 0.060843 -0.007254 0.074117 -0.210092 -0.134364 -0.188136 0.625603
:+hu 0.087588 -0.018575 0.222194 -0.195758 0.975874 0.709955 0.502396 0.151758 0.115990 0.585274 0.014103 0.357029 -0.313091 -0.470638 0.443856 0.254178 -0.103402 0.167551 -0.067570 0.008491 -0.038172 -0.462889 -0.027171 0.321173 -0.557454
prf+de 0.134452 0.485861 0.540619 -0.403961 0.556290 0.419257 -0.049264 -0.439962 -0.055922 0.461529 0.692923 0.357663 -0.709715 -0.502140 0.194589 0.578345 0.587449 0.205665 -0.014830 0.207740 0.064791 -0.627740 -0.041472 -0.059735 -0.346042
ppas+pl -0.031176 -0.213497 0.046664 0.216283 0.770449 0.747071 0.440684 0.446712 -0.028431 -0.155142 -0.738384 0.509163 -0.092885 -0.370731 0.213384 0.189519 -0.214891 -0.455765 0.347386 -0.018590 0.226184 -0.544781 0.205972 -0.096356 0.402031
ps+sv -0.112297 -0.162123 -0.010553 0.136185 0.153522 0.278224 0.324256 0.631024 0.169149 -0.479245 -0.276753 0.516362 -0.133120 -0.506878 0.093955 0.061937 0.004535 -0.537588 -0.024146 0.143562 0.036822 -0.241733 -0.019637 -0.081107 0.835471
ptkneg+de 0.068021 0.254871 0.716348 -0.259878 0.499312 0.611436 -0.054096 -0.163963 -0.239335 0.295119 0.383192 0.627296 -0.643034 -0.525716 -0.059103 0.217273 0.522805 0.106244 0.023239 0.007998 0.211884 -0.406118 0.049804 -0.049096 -0.012234
num+pl 0.025502 -0.360912 -0.040315 0.283301 0.704557 0.779339 0.502368 0.730110 0.120806 -0.076644 -0.664773 0.569637 -0.201581 -0.431585 0.117359 -0.002555 -0.370308 -0.348146 0.152221 -0.111397 0.095193 -0.407499 0.256124 0.035631 0.362317
pis+de 0.125631 0.341357 0.436333 -0.489220 0.552382 0.458697 -0.177433 -0.296815 -0.197321 0.377670 0.676637 0.334033 -0.712617 -0.332267 -0.002541 0.427754 0.444464 0.253812 -0.008627 -0.224078 0.127684 -0.546850 0.140424 0.007006 -0.300467
proav+de 0.213237 0.376542 0.617246 -0.169971 0.435661 0.407539 -0.180227 -0.388918 -0.163547 0.335273 0.499989 0.375945 -0.596042 -0.508977 -0.060567 0.360441 0.558553 0.042953 0.053088 0.054959 0.065899 -0.420744 0.050216 -0.132818 -0.253007
ptkzu+de 0.557224 0.238520 1.236309 0.444989 1.006356 0.871993 0.544800 -0.043969 -0.499063 0.146655 0.230555 0.954236 -0.267703 -0.429630 0.043514 -0.123310 0.255267 -0.258190 -0.159114 0.115248 -0.104172 0.213213 0.663302 -0.032558 0.187325
aglt+pl 0.064910 -0.050038 0.341778 0.242606 0.489346 0.559980 0.511774 0.349897 0.100704 -0.180762 -0.792838 0.364119 0.165999 -0.668911 0.296934 0.053364 0.042828 -0.494936 0.146964 0.380630 0.206884 -0.329565 -0.370557 -0.019546 0.394022
ger+pl -0.084944 -0.373784 -0.185120 0.256972 0.724210 0.642521 0.441202 0.565779 0.129345 -0.098014 -0.574620 0.553130 -0.141859 -0.483109 0.247214 0.201180 -0.218544 -0.409590 0.296831 0.018842 0.141016 -0.467445 0.242922 -0.064891 0.280753
pds+de 0.240923 0.321362 0.458156 -0.361295 0.430393 0.362704 -0.178439 -0.372309 -0.183782 0.247911 0.590792 0.307194 -0.572301 -0.371863 -0.051265 0.358153 0.452379 0.014459 0.015001 -0.132966 0.149793 -0.399350 0.092114 -0.054538 -0.285365
x+hu 0.018927 0.128563 -0.096017 -0.302698 0.610523 0.477088 0.490680 0.034909 0.160955 0.259456 0.088442 -0.086671 -0.228339 -0.181413 0.373130 0.288342 -0.335016 0.003946 -0.115165 -0.283780 -0.183842 -0.614949 -0.160281 0.189408 -0.592720
vainf+de 0.236104 0.063861 0.833321 0.179558 0.707572 0.775864 -0.267176 -0.321785 -0.441612 0.466715 -0.028547 0.511363 -0.479375 -0.362255 -0.415956 -0.086730 0.336564 0.151983 0.378968 -0.367048 0.161973 -0.202072 0.459717 -0.137849 -0.299334
pred+pl 0.113065 -0.201032 0.106421 0.322322 0.473213 0.570930 0.374404 0.444230 0.162306 -0.090464 -0.483824 0.373872 -0.127189 -0.547646 0.093343 -0.033535 -0.076281 -0.352046 0.098792 0.086241 0.067724 -0.360752 -0.050501 -0.054025 0.162972
ppron12+pl 0.034901 -0.169138 0.178413 0.310139 0.559087 0.505568 0.347897 0.326351 0.012719 -0.112041 -0.640746 0.455838 -0.012719 -0.451179 0.197868 0.080950 -0.041179 -0.343880 0.246022 0.250643 0.197725 -0.308784 0.072579 -0.112751 0.351890
pdat+de 0.347971 -0.048094 0.489746 -0.554276 0.078736 0.286741 -0.074286 0.049984 -0.283424 0.021499 0.826795 0.538609 -0.745402 -0.401065 -0.349085 -0.193622 0.370424 -0.207913 -0.209180 -0.606870 0.320007 0.060498 0.157276 0.121926 -0.012649
kokom+de 0.265122 0.328667 0.483934 -0.155438 0.187028 0.435231 -0.187764 -0.275959 -0.072215 0.141692 0.490148 0.300606 -0.472825 -0.529336 -0.239584 0.158274 0.537406 -0.334083 -0.030254 -0.070675 -0.043598 -0.272594 -0.052766 -0.098740 -0.189326
pwav+de 0.234625 0.316846 0.500560 -0.271246 0.232566 0.454271 -0.355101 -0.484746 -0.277010 0.176061 0.377141 0.187357 -0.527313 -0.342972 -0.351476 0.119563 0.508607 -0.270224 0.225106 -0.314447 0.181177 -0.343564 0.019375 -0.198295 -0.361497
vapp+de 0.293365 0.118972 0.662389 0.194118 0.668556 0.678241 -0.270138 -0.191503 -0.335257 0.332009 0.092738 0.346351 -0.407036 -0.289917 -0.371361 -0.013292 0.275242 0.075101 0.187333 -0.374709 -0.011201 -0.166741 0.444817 -0.055857 -0.215773
vvizu+de 0.383482 0.049918 0.664323 -0.024281 0.378878 0.509593 -0.174503 -0.160934 -0.394644 0.154480 0.305051 0.428914 -0.406762 -0.312984 -0.413319 -0.146949 0.335320 -0.174003 0.075464 -0.434370 0.101650 0.059542 0.362290 -0.074842 -0.109350
pact+pl -0.048653 -0.235456 -0.084666 0.186075 0.511743 0.520845 0.355382 0.423327 0.039618 -0.094345 -0.532003 0.307812 -0.079856 -0.261361 0.164159 0.058142 -0.263149 -0.262482 0.191879 -0.078954 0.115505 -0.390402 0.163511 -0.056984 0.187509
brev+pl -0.043810 -0.019070 -0.209903 0.170372 0.362561 0.463932 0.166580 0.190649 0.205765 -0.078999 -0.358453 0.240894 -0.146870 -0.407481 0.170123 0.256510 -0.075835 -0.472356 0.230030 0.147594 0.033183 -0.592084 -0.024046 -0.158447 0.095926
bedzie+pl 0.099246 -0.148424 0.076775 0.218167 0.408345 0.447823 0.287865 0.322339 0.127356 -0.045820 -0.334027 0.242234 -0.079480 -0.385715 0.075358 0.015979 -0.100284 -0.258937 0.033365 0.032331 0.001215 -0.278790 -0.019190 -0.035633 0.115702
?+hu 0.102704 -0.044837 0.066307 -0.152974 0.345867 0.324287 0.281868 0.101420 0.027119 0.201756 0.182356 0.181570 -0.232513 -0.154492 0.169472 0.014806 -0.100361 0.011696 -0.131892 -0.135312 -0.002157 -0.168216 0.013757 0.145450 -0.273502
imps+pl 0.038335 -0.186030 -0.017513 0.200088 0.411979 0.481728 0.275680 0.371067 0.075404 -0.072399 -0.414104 0.280320 -0.113710 -0.294179 0.056945 0.022239 -0.172526 -0.229040 0.130940 -0.027924 0.070994 -0.354260 0.117163 -0.066883 0.133684
vs+fr 0.052715 -0.007910 0.008122 0.113036 0.090882 -0.058067 -0.030956 0.132859 0.147600 -0.140473 -0.104642 -0.005078 0.104572 -0.248685 -0.013069 0.166776 0.037478 -0.064840 -0.053808 0.063100 -0.120773 -0.053255 -0.032625 0.000237 0.146121
o+hu 0.028597 0.033938 0.061774 -0.242321 0.380687 0.302424 0.363925 0.007269 0.032936 0.170951 0.174030 0.039730 -0.259054 -0.139734 0.243802 0.100066 -0.161595 0.070947 -0.054404 -0.195756 -0.000582 -0.336859 -0.076550 0.070478 -0.363427
trunc+de 0.180041 0.283932 0.184448 -0.290790 0.175904 0.343258 -0.418242 -0.336047 -0.162922 0.052710 0.369145 -0.013035 -0.383645 -0.195487 -0.383155 0.219208 0.351084 -0.316602 0.049132 -0.487598 -0.020056 -0.350417 0.059436 -0.048215 -0.244298
xy+de 0.140899 0.252241 0.167199 -0.056837 0.265404 0.137419 -0.423896 -0.215483 -0.114316 0.228971 0.430054 0.094227 -0.237952 -0.004244 -0.237755 0.322170 0.332158 0.152320 -0.087413 -0.123906 -0.283585 -0.093983 0.348196 0.073821 -0.083736
ro+sv -0.033545 -0.072851 0.018505 0.166434 0.116937 0.243724 0.079873 0.323195 0.125196 -0.158055 -0.212992 0.232081 -0.073386 -0.327568 -0.093767 0.062379 0.041531 -0.292581 -0.005583 0.022431 -0.086558 -0.138219 0.032300 -0.044422 0.322940
impt+pl 0.026835 -0.131052 0.001196 0.160525 0.298879 0.351435 0.180371 0.219855 0.062087 -0.041174 -0.277265 0.189979 -0.087017 -0.259660 0.049306 0.021188 -0.117574 -0.183628 0.138802 -0.017020 0.081435 -0.290987 0.067445 -0.066300 0.080977
pref+fr 0.006836 -0.003017 -0.045283 0.034902 0.032042 0.010732 -0.061774 0.118973 0.081690 -0.059768 -0.108137 -0.018825 0.085473 -0.058052 -0.061793 0.070271 0.004636 -0.105869 -0.030494 0.000557 -0.096722 -0.032843 -0.033849 0.011724 0.127316
siebie+pl -0.016028 -0.108450 -0.012045 0.146660 0.382219 0.352753 0.236017 0.221255 0.059475 -0.069421 -0.339512 0.272589 -0.064583 -0.320431 0.136190 0.128433 -0.041833 -0.279099 0.199077 0.095999 0.110983 -0.349048 0.051486 -0.089692 0.137675
koui+de 0.244935 0.217210 0.356539 -0.126977 0.088321 0.280972 -0.224748 -0.306344 -0.139867 0.048650 0.308073 0.161097 -0.343423 -0.259178 -0.289782 0.016191 0.349343 -0.320354 0.060953 -0.205353 0.085302 -0.112833 0.005274 -0.122713 -0.196260
z+hu 0.073089 0.081258 0.022535 -0.179724 0.418865 0.358474 0.273088 0.016911 0.073809 0.162836 0.109773 -0.007565 -0.196784 -0.169936 0.176572 0.167359 -0.128134 -0.032998 -0.081826 -0.198230 -0.041353 -0.408486 -0.075748 0.095878 -0.337738
i+hu 0.069743 -0.001875 0.019297 -0.111570 0.278849 0.268062 0.265514 -0.033587 0.019245 0.138351 0.132556 0.045641 -0.175752 -0.172778 0.214580 0.049235 -0.110241 -0.023758 -0.007710 -0.085407 0.040423 -0.301737 -0.080560 0.030030 -0.314562
pws+de 0.160901 0.166983 0.324940 -0.148591 0.179468 0.257663 -0.119485 -0.207822 -0.139318 0.118566 0.292283 0.174585 -0.332924 -0.222455 -0.136342 0.086382 0.290011 -0.110880 0.019432 -0.155812 0.050157 -0.152336 0.057730 -0.048339 -0.145910
hd+sv -0.029326 -0.101668 0.019928 0.101487 0.089921 0.184652 0.122126 0.236952 0.069165 -0.150301 -0.155596 0.213813 -0.050729 -0.233776 0.012141 -0.011930 0.001956 -0.190573 0.035383 0.036426 0.011325 -0.117188 0.012772 -0.050183 0.269505
vminf+de 0.168836 0.158148 0.376226 0.032375 0.321477 0.306240 -0.089696 -0.191120 -0.190754 0.134788 0.108140 0.204512 -0.200485 -0.155523 -0.165067 0.057678 0.205037 -0.044473 0.083515 -0.105248 0.016159 -0.114904 0.195544 -0.047201 -0.094126
;+hu 0.058597 0.016071 0.095808 -0.167021 0.293274 0.299023 0.265412 0.063829 0.021765 0.163275 0.141288 0.115412 -0.234217 -0.137570 0.094673 0.020773 -0.095776 0.014872 -0.079563 -0.171911 -0.026972 -0.182675 -0.002670 0.088772 -0.233871
uo+sv 0.070375 0.006009 0.033168 0.037642 0.185285 0.181708 0.053382 0.158718 0.098001 -0.035401 -0.046889 0.118380 -0.134089 -0.257725 0.032532 0.118375 0.005696 -0.124334 -0.020362 0.000729 -0.022140 -0.272599 -0.043317 -0.039221 0.089908
advwh+fr 0.016613 -0.014310 -0.028714 0.026664 0.012688 -0.006391 -0.010766 0.033554 0.057483 -0.057759 -0.062252 -0.021031 0.028618 -0.085623 0.009350 0.037229 0.014352 -0.045756 -0.031178 0.029356 -0.019326 -0.018134 -0.034399 -0.022240 0.060189
appo+de 0.157538 0.086903 0.261707 -0.088505 0.160955 0.179812 -0.090891 -0.100169 -0.080497 0.077696 0.259444 0.152172 -0.244552 -0.175148 -0.111426 0.040071 0.183885 -0.059114 -0.051192 -0.107975 0.023146 -0.075192 0.080758 0.004174 -0.091958
!+hu 0.033899 0.029613 0.016361 -0.096419 0.224786 0.182334 0.172944 0.051115 0.008960 0.078521 0.144963 0.069875 -0.133202 -0.089860 0.118933 0.056349 -0.067278 -0.006376 -0.080307 -0.116534 -0.024903 -0.167497 0.005582 0.068734 -0.139296
fm+de 0.127977 0.147160 0.173386 -0.085367 0.182892 0.169630 -0.162372 -0.123053 -0.084916 0.120370 0.281591 0.105102 -0.245708 -0.124286 -0.138379 0.117132 0.190677 -0.050185 -0.050975 -0.111421 -0.074926 -0.103284 0.119291 0.019333 -0.113154
prowh+fr -0.002795 0.007240 -0.026268 0.039520 0.011101 -0.020735 -0.018203 0.034457 0.015206 -0.057341 -0.018735 -0.021118 0.030603 -0.045802 -0.008184 0.064414 0.013275 -0.005092 -0.001205 0.008716 0.014214 -0.070273 0.012694 0.006737 0.050431
winien+pl 0.052614 -0.049178 0.086930 0.047478 0.207796 0.239435 0.149977 0.138500 0.049922 -0.000656 -0.113454 0.179700 -0.083968 -0.237650 0.031114 0.014679 -0.005199 -0.143933 0.015526 -0.025021 0.030618 -0.147208 -0.003787 0.001815 0.058773
ptka+de 0.106339 0.100306 0.301116 -0.106402 0.136671 0.214506 -0.057758 -0.068294 -0.098824 0.093067 0.238357 0.237042 -0.267900 -0.262895 -0.080736 0.023629 0.218069 -0.060834 -0.001291 -0.059141 0.055663 -0.088683 0.044882 -0.024086 -0.055730
vimp+fr 0.006322 0.011096 0.000294 0.005816 0.029200 0.000481 -0.000664 0.032214 0.022748 -0.026889 -0.044088 -0.000902 0.016866 -0.021592 -0.003426 0.033999 -0.007839 -0.003779 -0.017836 0.029397 -0.019573 -0.037170 0.005213 0.010858 0.049130
p+pro+fr 0.026578 0.010369 -0.020810 0.024761 0.013234 0.020129 -0.013273 0.041474 0.026167 -0.025981 -0.057685 0.018429 0.029676 -0.062224 -0.031749 0.057098 -0.002881 -0.052727 -0.003043 0.018269 -0.031765 -0.025847 -0.025960 -0.005405 0.062285
prelat+de 0.172609 0.062671 0.238350 -0.196834 0.095569 0.148503 -0.082015 -0.072604 -0.102514 0.052396 0.288905 0.143425 -0.247521 -0.137276 -0.139319 0.002052 0.176344 -0.092766 -0.051091 -0.174594 0.077118 -0.077573 0.047141 0.013859 -0.060453
apzr+de 0.146588 0.088697 0.211416 -0.063305 0.109172 0.169242 -0.073626 -0.087760 -0.060720 0.061906 0.248982 0.152744 -0.216816 -0.199127 -0.110351 0.037955 0.176878 -0.087941 -0.015343 -0.069901 0.024983 -0.086863 0.051239 -0.020165 -0.098206
vvimp+de 0.131902 0.137984 0.184206 -0.062948 0.153377 0.161956 -0.130334 -0.108921 -0.066750 0.095701 0.237257 0.130701 -0.224371 -0.148145 -0.140068 0.106280 0.195481 -0.053202 -0.058638 -0.102811 -0.045809 -0.083917 0.084966 0.004184 -0.070489
pwat+de 0.117515 0.092338 0.183601 -0.133350 0.062156 0.128466 -0.068479 -0.099784 -0.080802 0.046101 0.190867 0.103210 -0.182647 -0.094450 -0.109088 -0.010766 0.107984 -0.091932 -0.000343 -0.131956 0.061408 -0.027114 0.047130 -0.030596 -0.071379
adja+pl 0.033029 -0.033008 -0.055064 0.056047 0.181157 0.201764 0.113045 0.098403 0.054945 -0.006729 -0.119062 0.090570 -0.054928 -0.111713 0.073056 0.033369 -0.063106 -0.102156 0.050215 -0.014733 0.006637 -0.191706 0.027716 -0.027325 -0.008681
in+sv -0.019492 -0.016124 0.057338 0.011147 0.077271 0.086318 0.013029 0.048638 0.024278 -0.045493 -0.099961 0.072846 -0.025179 -0.173635 -0.016252 0.059737 0.051058 -0.065799 0.058975 0.004031 0.034021 -0.133348 -0.062029 -0.053011 0.055997
adjp+pl 0.015099 -0.025228 0.027959 0.054905 0.129907 0.132865 0.068011 0.076024 0.025894 -0.001915 -0.092437 0.079692 -0.036702 -0.102847 0.059683 0.024363 -0.015313 -0.072510 0.052387 0.003258 0.038594 -0.128457 0.023045 -0.019912 0.013257
y+hu 0.004756 0.001314 -0.012307 -0.036161 0.017382 0.029316 0.023018 0.003651 -0.002545 0.016677 0.009641 0.015760 -0.020981 -0.035988 -0.008589 0.027909 -0.011402 -0.003300 -0.007923 0.001894 -0.005554 -0.029702 -0.017915 0.006742 -0.044265
ptkant+de 0.066343 0.051774 0.096888 -0.039129 0.023023 0.057640 -0.030646 -0.063228 -0.067925 0.027936 0.074367 0.063444 -0.093539 -0.052247 -0.081972 0.016940 0.069198 -0.041721 0.027476 -0.060780 0.032970 -0.010594 0.042427 -0.030348 -0.020350
hs+sv -0.018442 -0.023273 0.020453 0.019585 0.049654 0.057834 0.015813 0.073883 0.001503 -0.027418 -0.056150 0.061193 -0.031515 -0.064334 0.002763 -0.002455 0.014278 -0.032475 0.016217 0.008912 0.003306 -0.037990 0.016234 -0.000810 0.044463
adjwh+fr 0.013036 -0.001924 -0.010808 0.021581 0.002625 -0.000433 0.009605 -0.011895 0.001074 -0.023167 0.008347 -0.001313 -0.011577 -0.003497 0.004739 0.026337 0.023352 0.009824 0.009930 -0.007197 -0.022037 -0.024355 -0.013507 0.000109 0.024334
i+fr 0.014555 -0.001356 -0.021431 0.005644 0.004802 -0.023572 0.004815 0.022555 0.023031 0.002738 -0.020019 -0.009446 -0.005242 -0.015348 0.020490 0.002472 0.014703 0.010917 0.017864 -0.006229 0.012078 -0.005233 -0.016653 -0.008664 0.002607
detwh+fr -0.005267 -0.014304 0.004480 -0.017021 0.010168 -0.022483 0.004524 -0.000986 0.021610 -0.023335 -0.010164 0.012679 0.006604 -0.006866 -0.016159 -0.007169 -0.014658 -0.012283 0.016521 0.017832 0.010909 -0.005581 0.014038 -0.002171 0.002399
itj+de 0.017410 0.013324 0.024226 -0.038707 0.045417 0.025136 0.011201 -0.035512 -0.008439 0.006940 0.056077 0.040778 -0.021777 -0.040816 -0.004496 0.020815 0.012684 -0.012022 -0.010833 -0.021208 -0.011216 -0.014960 0.005783 -0.005819 -0.013270
depr+pl -0.010741 -0.002927 -0.010076 0.013825 0.019467 -0.017337 0.008557 -0.006795 0.005017 -0.009675 0.006040 -0.005154 -0.008207 0.016471 0.017700 0.004542 -0.011421 0.017577 0.010018 0.010044 -0.011531 0.013206 -0.010396 0.005265 0.008430
pposs+de 0.038534 0.021673 0.020571 -0.031695 0.047014 0.016988 -0.008931 -0.008946 -0.019145 0.003144 0.031612 0.009187 -0.026077 -0.053436 -0.017780 0.006857 0.040599 -0.021081 -0.007449 -0.028791 -0.004432 -0.028254 0.009350 -0.003983 -0.039398
-+hu -0.003539 -0.000931 0.008856 -0.015112 0.000123 0.012526 0.007094 -0.007134 0.008427 0.017378 0.015791 0.009689 -0.009356 -0.005101 0.002337 -0.004758 -0.001770 0.011741 -0.015842 0.018920 0.008185 0.014589 0.011267 -0.002713 0.017700
adjc+pl -0.015783 0.008071 0.000566 -0.000073 -0.005056 0.004141 0.014059 -0.008923 0.013790 -0.003335 0.000039 0.009185 -0.009651 0.016865 0.008083 0.004757 -0.009080 0.007834 -0.009711 0.012658 -0.019541 -0.013338 0.002313 0.008491 -0.000301
