168 25
noun 0.190476 0.803310 0.569677 0.266528 -1.174807 -0.954394 0.422087 0.472887 -0.008777 0.880874 0.209903 0.180746 -1.095784 0.215702 0.517027 -0.166192 -0.464127 1.380190 0.886708 0.442584 -0.098557 -0.506168 0.252047 0.123615 -0.884715
. -0.607522 0.776390 -0.169561 -0.108757 -0.564168 -1.393093 0.756394 1.020484 0.335240 0.456914 0.270731 0.172579 -0.862062 0.198776 0.105469 -0.016377 -0.814226 0.770887 0.396032 0.137914 -0.475301 -1.305179 0.461044 -0.524919 -0.462654
verb -0.134718 0.992430 0.198446 -0.252149 -0.448729 -1.008582 0.335223 0.400752 -0.278973 0.758402 0.182404 0.170340 -0.892251 0.299502 0.873283 -0.497513 -0.574893 1.586361 0.814620 0.355736 -0.513987 -0.264849 -0.176649 -0.701425 -0.041275
adp -0.644437 0.821663 -0.170666 -0.137558 -0.760152 -0.917991 -0.019318 1.089373 0.301185 0.514684 0.195847 0.080236 -0.609881 0.164174 -0.229660 -0.605684 -0.608373 0.933343 0.252491 0.725244 -0.880994 -0.305689 -0.124362 -0.721676 -0.429683
det -0.134763 0.220649 0.098892 -0.501075 -2.033975 -1.298216 -0.115886 1.011433 0.032792 0.412351 0.301838 0.448108 -0.530478 1.174785 -0.000981 -0.843743 -0.705992 0.849183 0.524424 0.487891 -0.237284 -0.806442 0.338960 0.125076 -0.470911
adj -0.205635 0.897325 -0.233005 -0.006886 -0.765765 -1.123380 0.053384 1.072420 0.123217 0.577473 -0.006009 0.188347 -0.511326 0.296978 -0.051975 -0.348133 -0.740472 1.262683 0.808343 -0.035218 -0.644619 -0.469426 -0.009554 -0.262761 -0.846541
nc+fr 0.695737 0.674457 0.531115 -0.624304 0.606118 0.885342 -0.389514 -0.741976 -0.342088 0.285910 1.089088 0.109438 -0.479895 -0.023807 -0.516426 0.275259 -0.029666 0.313699 -0.302242 -0.329540 -0.450597 -0.387989 0.268522 -0.062544 0.002761
n+hu -0.037649 0.769178 0.457821 0.354798 -1.043530 -0.802941 0.363250 0.651898 -0.071512 0.723831 0.171476 0.198189 -1.032595 0.094810 0.262604 -0.172687 -0.380785 1.161317 0.688632 0.543366 -0.165539 -0.509316 0.236120 0.095481 -0.881110
adv 0.028255 0.915974 0.603523 0.303570 -0.799180 -0.955897 0.386531 0.785865 0.353756 0.332997 0.109844 0.143510 -0.957542 0.113425 0.063660 -0.458025 -1.089058 1.156289 0.260739 0.587806 -0.476391 -0.582419 -0.101998 -0.390127 -0.016076
pron -0.192340 0.660039 0.568806 -0.214215 -0.424380 -1.093380 0.088962 0.857023 0.008260 0.543536 -0.137345 0.474836 -0.971839 0.551262 0.172750 -0.126991 -0.897007 1.102736 0.179799 0.742590 -0.722917 -0.423991 -0.014131 -0.327199 -0.042554
det+fr 0.558343 -0.538128 -0.155206 -1.051998 0.197788 0.253550 -0.047319 0.364204 -0.484641 -0.314395 1.056090 0.241905 -0.232695 0.161080 0.146952 -0.150479 -0.348387 0.156839 -0.454994 -1.074350 -0.220782 -0.470109 -0.014168 0.820111 0.541404
conj -0.064365 1.040529 0.525951 -0.034872 -0.712166 -0.791753 -0.582369 0.909825 0.194275 0.610345 0.187842 0.304541 -0.893949 0.466157 -0.276017 -0.779851 -0.931737 1.028218 0.411823 0.858891 -0.668918 -0.088860 -0.249759 -0.623300 -0.444952
ponct+fr 0.352472 -0.231615 0.353195 -0.496400 0.504622 0.466389 0.609812 0.417962 -0.458914 -0.042285 0.686477 0.427721 -0.332882 -0.417442 -0.201367 -0.015160 0.330393 -0.185185 0.002905 -0.538042 -0.557687 -0.846740 -0.042070 0.446480 -0.281753
p+fr 0.572424 -0.388931 0.258428 -0.293684 0.555221 0.973597 0.351648 -0.042431 -0.108496 -0.033765 0.337506 0.036808 0.080397 -0.093227 0.383419 0.354719 0.425953 -0.116407 0.125935 -0.710116 -0.634903 -0.383537 -0.693906 0.863722 -0.768120
nn+sv 0.070741 0.986499 0.565987 0.063736 -0.850880 -0.745670 -0.263582 0.897814 -0.188584 0.829757 0.213653 0.389266 -1.061611 -0.108498 -0.412965 -0.639972 -0.400766 1.379350 0.827698 0.179904 -0.484324 -0.198619 0.194502 -0.004570 -0.673462
nn+de 0.394596 -0.137806 0.481710 -0.045479 -0.024393 -0.365754 -0.433825 -0.397460 -0.629029 0.530603 0.221002 0.470044 -0.631329 -1.125685 -1.080116 -0.357493 0.497774 0.168514 0.028121 -0.463706 0.252264 0.660907 1.026526 -0.019067 0.688972
subst+pl 0.080478 0.744950 0.650818 -0.250176 -0.550154 -0.579476 -0.466430 0.669022 -0.331110 0.759094 0.429261 0.716853 -1.075566 -0.632241 -0.821977 -0.957325 -0.202233 0.984373 0.360857 0.180936 -0.185825 0.261792 0.246047 -0.563317 0.423879
a+hu -0.497358 0.786296 -0.330968 -0.013342 -0.679064 -0.875735 -0.115476 0.855202 0.176660 0.664936 0.093502 0.139190 -0.525657 0.238869 -0.098036 -0.227318 -0.504949 0.985062 0.584870 0.157614 -0.571722 -0.318511 0.153397 -0.257339 -0.819485
t+hu -0.456677 0.443509 -0.112292 -0.200575 -1.249485 -0.924351 0.202400 0.855994 0.143383 0.420174 0.252357 0.400306 -0.485187 0.594693 0.014343 -0.631311 -0.539278 0.621596 0.502500 0.564487 -0.408054 -0.497827 0.182291 -0.204658 -0.495046
vb+sv -0.061905 1.054865 0.349015 -0.534760 -0.368944 -0.521995 0.090422 0.446708 -0.014297 0.474053 0.546120 0.632329 -0.704457 0.168419 -0.281503 -0.806792 -0.863332 0.955457 0.295613 0.433792 -0.835135 -0.437441 -0.163780 -1.013148 0.366141
adj+fr -0.114207 -0.187114 -0.444509 -0.837378 0.154881 1.025249 -0.617328 0.152383 -0.033448 0.253275 0.839242 0.450751 -0.114142 -0.080834 -0.335393 0.157802 0.209639 -0.035208 -0.225089 -0.857928 -0.515254 -0.086472 -0.090945 0.813205 -0.351084
v+hu -0.232153 0.860349 0.056190 -0.008084 -0.319533 -0.810898 0.152878 0.535251 -0.232442 0.470333 0.281086 0.033019 -0.738032 0.234692 0.439268 -0.415523 -0.670828 1.182031 0.537159 0.380883 -0.461156 -0.123970 0.021313 -0.376065 -0.123937
art+de 0.493617 -1.319802 -0.199365 -0.079733 -0.808051 -0.551006 0.202379 -0.006564 -0.261093 -0.327520 0.204235 0.313903 0.089646 -0.732663 -0.214438 -0.711640 0.120767 -0.293702 -0.125203 -1.134072 0.772680 0.539981 0.553017 0.936437 1.165850
r+hu -0.151592 0.704332 0.385243 0.204069 -0.607631 -0.829730 0.424404 0.697274 -0.050423 0.286415 0.297300 0.126140 -0.879091 0.126100 0.148534 -0.414645 -0.732685 0.879780 0.290284 0.667951 -0.357598 -0.408103 0.082427 -0.278302 -0.184365
pp+sv -0.401607 0.624619 -0.048188 -0.814616 -0.551883 -0.372231 -0.392741 1.255213 0.119539 0.437803 0.627127 0.610064 -0.646086 0.177285 -0.497496 -0.870906 -0.597219 0.689992 0.172321 0.137085 -0.916515 -0.387999 -0.302710 -0.447362 -0.100867
interp+pl -0.611809 0.164885 0.094931 -0.318325 -0.381902 -0.796914 0.018535 1.096042 0.072734 0.543597 0.466781 0.710913 -0.993765 -1.024381 -0.981401 -0.686518 -0.029127 0.157508 -0.078690 -0.005055 -0.180070 -0.216191 0.624048 -0.553879 0.461319
v+fr 0.427793 -0.241194 -0.125386 -0.750884 0.273372 0.341353 0.513218 -0.434208 -0.187744 0.081478 0.442896 0.615366 0.423451 -0.379748 -0.325313 -0.083085 0.701857 -0.544174 0.512571 -1.273614 0.389604 -1.017168 0.238809 -0.096867 0.117043
,+hu -0.602999 0.706071 -0.071231 -0.110671 -0.704219 -0.898095 0.624497 0.665808 0.419934 0.388162 0.237355 0.385544 -0.658971 0.254219 0.141533 -0.173351 -0.804400 0.615336 0.299771 0.414740 -0.413618 -0.983476 0.190354 -0.493126 -0.402917
appr+de -0.058443 -0.509490 0.113123 -0.410200 -0.990842 0.375539 -0.655513 0.464617 0.085132 0.496317 0.331123 1.102002 -0.243440 -0.944897 -1.065565 -1.144034 0.560419 -0.197667 0.264930 -0.546786 0.176227 0.624052 0.043847 0.428196 0.323113
c+hu -0.156325 0.785789 0.213567 0.010577 -0.567886 -0.528206 -0.287320 0.666297 -0.134796 0.466731 0.264308 0.143599 -0.662056 0.369348 -0.104687 -0.515417 -0.522200 0.917417 0.396022 0.655934 -0.629796 0.065614 -0.089729 -0.298898 -0.417481
num -0.556231 0.771808 -0.104818 0.018127 -0.812774 -0.710804 -0.118522 0.948137 0.623799 0.781121 -0.317256 0.721555 -0.573001 -0.002918 0.122780 -0.373588 -0.990811 1.210313 0.498938 0.343409 -0.559695 -0.023337 -0.390184 -0.344779 -0.220009
adv+fr 0.803967 0.045948 0.785490 -0.732715 0.109920 0.399264 -0.170251 -0.125362 0.412364 0.387760 0.195754 0.705060 -0.419590 -0.344897 -0.148673 -0.068266 -0.331596 0.411887 0.001169 -0.956141 -0.178215 -0.482812 -0.357662 0.344930 0.394885
npp+fr 0.522260 -0.290235 0.341997 -0.899677 0.828795 0.022314 -0.693503 0.301013 -0.887828 0.197348 0.321045 -0.147947 -0.439509 0.010572 -0.415074 0.580211 0.783524 0.157573 -0.151710 -1.119622 -0.144419 -0.621985 0.477849 0.579285 -0.438884
ne+de 0.709206 -0.489448 0.550497 0.199382 -0.139748 -0.168885 0.353183 -0.069074 -0.281388 0.083948 0.258932 0.295958 -0.283311 -1.669558 -0.633591 -1.013389 0.735832 -0.176700 0.177168 -0.628995 0.510757 0.773002 0.097381 -0.238503 1.005558
adja+de -0.171051 -0.455662 -0.629424 -0.469089 -0.451289 0.503472 -1.021148 -0.387267 0.134965 0.525615 0.559990 0.557599 -0.053357 -1.041027 -0.736908 -0.558818 0.568921 -0.165709 -0.095336 -0.968898 0.517483 1.266847 0.368256 0.266569 0.729785
jj+sv -0.293717 0.851722 -0.176687 -0.320288 -0.276083 -0.434234 -0.783819 1.053353 -0.350990 0.567213 0.359747 0.286272 -0.551669 -0.039172 -0.428051 -0.816432 -0.358447 1.046519 0.573964 0.055001 -0.550766 0.358939 -0.148529 -0.409152 -0.308487
prep+pl -0.702423 0.238393 0.048750 -0.380561 -0.947623 -0.615657 -0.195022 0.888196 0.520313 0.899474 0.223581 0.987272 -0.829436 -0.779501 -0.641433 -0.758117 -0.051936 0.310337 0.311999 0.020421 0.177493 -0.133122 0.377685 -0.394827 0.187928
ab+sv 0.199013 0.656267 0.658244 -0.293138 -0.341310 -0.627953 -0.292222 0.844972 0.060041 0.295741 0.038020 0.288215 -0.702537 0.106641 -0.632779 -0.514715 -0.615933 0.835062 0.076000 0.209689 -0.667209 -0.508803 -0.138028 -0.453319 0.094892
adj+pl -0.058130 0.377639 0.139831 -0.435174 0.051704 -0.707510 -0.679871 0.535737 -0.299399 0.380704 0.318996 0.350168 -0.686265 -0.715376 -1.057937 -0.786331 -0.082258 0.414988 -0.144764 -0.103232 -0.144335 0.468938 0.378686 -0.900559 0.884286
p+d+fr 0.897527 -0.629435 0.419259 -0.758559 0.274931 0.609853 0.352865 1.076962 -0.851024 -0.567508 0.930220 0.376686 -0.181912 -0.079204 -0.026226 -0.879974 0.003182 0.083631 -0.036576 -0.688800 -0.979614 -0.395151 -0.864552 0.854135 0.007737
.+hu -0.474671 0.341069 -0.299030 0.111596 -0.667216 -0.871535 0.279303 0.632810 0.087616 0.199748 0.176852 -0.015928 -0.362636 0.118744 -0.064506 -0.423550 -0.409127 0.475828 0.302987 0.295281 -0.317265 -0.162062 0.314166 -0.229114 -0.210588
mad+sv -0.654723 0.264549 -0.427696 -0.524686 -0.584810 -0.772577 -0.110567 1.205578 -0.058793 0.096207 0.570091 0.495275 -0.508643 -0.032374 -0.384716 -0.909643 -0.685634 0.440954 -0.063937 0.035265 -0.359699 -0.210967 0.112522 -0.393065 0.564272
p+hu -0.153077 0.657525 0.229130 -0.001762 -0.515336 -0.601097 0.139912 0.579453 0.001923 0.329738 0.246447 0.150808 -0.631167 0.288336 0.047059 -0.360343 -0.571065 0.754460 0.311561 0.488454 -0.442080 -0.259244 0.013871 -0.230094 -0.313355
$.+de -0.341938 -0.381817 -0.244326 -0.377938 0.232767 -0.870715 0.889647 1.133449 -0.511758 -0.004290 0.435415 0.707862 -0.451100 -1.432866 -0.585145 -0.873610 0.298522 -0.184753 0.153796 -0.665447 -0.074095 -0.196821 0.329969 -0.454094 0.854831
$,+de -0.320242 -0.669349 -0.099104 -0.180418 -0.486436 -0.509851 0.482814 1.010417 -0.323168 0.000478 0.473606 0.742457 -0.453201 -1.176509 -1.046157 -0.803251 0.321449 -0.344508 -0.054387 -0.582143 -0.164357 -0.168052 0.654541 0.344008 0.544051
vpp+fr 0.423223 -0.052161 0.321892 -0.934058 0.304286 0.498957 -0.156473 -0.152570 0.531925 0.411038 0.451014 0.590289 -0.551086 -0.175690 0.185007 0.517248 -0.536995 0.361113 -0.361445 -1.098389 -0.175120 -0.649631 -0.058685 0.730086 0.318470
dt+sv 0.018908 0.472551 0.186195 -0.211816 -0.878381 -0.979929 -0.503988 0.796090 -0.214907 0.166555 0.459039 0.120595 -0.785283 0.154470 -0.805598 -0.681874 -0.859435 0.978020 -0.094976 -0.058277 -0.379803 -0.230203 0.592262 0.042246 0.379172
adv+de 0.130012 -0.465887 0.417938 -0.108265 -0.443621 -0.529365 -0.354434 0.361637 0.273327 0.487302 -0.254271 0.744465 -0.594220 -1.052951 -0.658260 -0.405916 -0.011839 0.238270 -0.124744 -0.617322 0.338403 0.375957 0.447074 0.306633 0.831484
pn+sv 0.143642 0.513840 0.844513 -0.333883 0.369533 -1.043843 -0.307777 1.059814 -0.435549 0.387020 -0.397038 0.355143 -0.934074 -0.004166 -0.272379 -0.039455 -0.465556 1.057610 0.043277 0.015979 -0.339659 -0.530275 0.131228 -0.334647 0.318422
vvfin+de 0.279433 -0.092701 0.373153 -0.704486 -0.496633 0.090025 -0.385162 -0.086053 0.260197 0.587677 0.214722 0.914239 -0.279833 -0.656690 -0.175587 -0.998237 0.500512 -0.126815 0.488875 -0.497813 0.944150 0.365751 -0.182600 -0.564623 0.772812
m+hu -0.453331 0.499711 -0.252644 0.034173 -0.718340 -0.702837 -0.088364 0.642715 0.142982 0.536481 -0.032692 0.270066 -0.384100 0.124477 -0.038578 -0.290880 -0.339765 0.694505 0.495482 0.194691 -0.246309 -0.131477 0.135175 -0.230801 -0.484416
praet+pl -0.185154 0.380068 0.454919 -0.858126 -0.110918 -0.450796 -0.238524 0.681577 0.298078 0.629783 0.414681 0.643715 -0.955971 -0.511508 0.115068 -0.805715 -0.068978 0.344288 0.009185 0.172966 0.463538 -0.047909 -0.224564 -1.108161 0.887227
cc+fr 0.443440 -0.159025 0.375507 -0.772551 0.433624 0.817772 0.286012 0.066503 -0.313379 0.108573 0.841537 0.613787 -0.283555 -0.356398 -0.321521 -0.008145 0.405937 -0.251908 0.050713 -0.740192 -0.390044 -0.801023 0.000617 0.485656 -0.265281
kn+sv -0.216647 0.447937 0.054033 -0.459617 -0.624470 -0.634489 -0.254876 0.944938 -0.024696 0.189367 0.484454 0.438574 -0.580770 0.024118 -0.491451 -0.916457 -0.633122 0.574383 0.027760 0.144474 -0.438866 -0.191614 0.022907 -0.420732 0.370502
prt 0.177259 0.646095 0.583834 -0.453423 -0.154138 -1.302790 -0.456870 1.007117 -0.515346 0.154121 -0.734360 0.615108 -0.299441 0.544720 -0.633375 -0.480985 -0.690374 0.938852 0.480911 -0.088760 -0.123072 -0.687537 0.161928 -0.607068 0.406769
$lrb+de 0.291264 -0.213028 0.111786 -0.412969 -0.254605 -0.189297 0.139274 -0.042018 -0.365308 0.140104 0.411988 0.663919 -0.062326 -0.897317 -0.684695 -1.016803 0.583012 -0.320482 0.390380 -0.643756 0.606144 0.094631 0.330535 -0.550638 0.882494
vinf+fr 0.462540 0.101436 0.206291 -0.912448 0.351950 0.557587 -0.018147 -0.841111 0.577950 0.477964 0.669286 0.489571 -0.439215 -0.154373 0.313698 0.747903 -0.437997 0.177501 -0.333017 -1.100350 0.275476 -0.720037 0.274278 0.413960 0.454270
k+hu -0.290380 0.517111 -0.091908 0.125265 -0.572639 -0.723803 0.162573 0.548867 -0.038761 0.348213 0.184064 0.003264 -0.534445 0.094653 0.029143 -0.290924 -0.351946 0.690894 0.366023 0.288264 -0.332118 -0.225176 0.220295 -0.181876 -0.350487
qub+pl -0.251275 0.407911 0.536288 -0.267509 0.040460 -0.873126 -0.421065 0.924624 0.128483 0.574912 -0.341217 0.652998 -0.869024 -0.687117 -1.066792 -0.212631 -0.256373 0.553853 -0.100514 -0.077181 -0.424400 -0.338972 0.308900 -0.594116 0.409274
mid+sv -0.425727 0.522755 0.017508 -0.480602 -0.155781 -0.663526 -0.044345 1.084106 -0.204131 0.276447 0.618135 0.385062 -0.857016 -0.088060 -0.341806 -0.599197 -0.598612 0.656473 -0.028051 0.106411 -0.632764 -0.400120 0.109709 -0.355344 0.246196
fin+pl -0.108102 0.268634 0.533232 -0.718344 -0.161808 -0.388277 -0.329464 0.738383 0.143043 0.540169 0.487372 0.513232 -0.981115 -0.520650 0.027306 -0.839462 0.001880 0.328981 -0.027630 0.293029 0.349459 0.217446 -0.213217 -0.871015 0.751872
vafin+de 0.070808 -0.003424 0.177290 -0.593190 -0.202333 -0.176517 -0.330018 -0.078658 0.248411 0.503150 0.159410 0.763830 -0.307962 -0.778067 -0.426963 -0.686786 0.282965 -0.070190 0.257407 -0.581414 0.682332 0.269152 0.110616 -0.622268 0.889783
kon+de 0.123780 -0.544056 -0.117441 -0.325324 -0.623365 -0.034947 -0.098288 0.029398 -0.114014 0.158805 0.235621 0.783477 0.075548 -0.872075 -0.722073 -0.913933 0.484280 -0.324694 0.285571 -0.732330 0.486346 0.396425 0.303662 0.082961 0.712764
vvpp+de 0.036713 -0.201361 0.124320 -0.988696 0.082860 -0.381954 0.097451 0.348470 -0.039137 0.469969 0.498540 0.931525 -0.581936 -0.903051 0.017276 -0.566662 0.231677 -0.072359 0.117420 -0.737987 0.848609 -0.200607 0.272900 -0.567072 1.124440
adv+pl -0.046950 0.417904 0.710359 -0.418681 -0.016061 -0.417837 -0.512704 0.794956 0.045146 0.611666 0.067009 0.604421 -0.954970 -0.514920 -0.666692 -0.415359 -0.042031 0.497713 0.015489 0.121882 -0.183414 -0.165446 0.060059 -0.568207 0.282950
s+hu -0.409544 0.473876 -0.241967 0.081580 -0.481861 -0.630774 -0.008719 0.513697 0.009244 0.340243 0.105657 0.005531 -0.357165 0.104502 -0.078750 -0.321664 -0.269663 0.564061 0.338916 0.261425 -0.356129 -0.019205 0.146331 -0.245296 -0.351585
cls+fr 0.868714 -0.676455 0.833888 -0.527983 0.141152 0.047173 -0.498033 0.210881 0.347845 0.603608 0.009692 0.516485 -0.889062 -1.176494 -0.167857 0.060973 -0.085223 0.641970 -0.317922 -1.449384 -0.231237 0.440886 -0.273536 1.078299 0.571498
x -0.386907 0.225757 0.603585 -0.413796 -0.305638 -0.933141 -0.967861 1.294715 -0.760540 0.445393 0.100156 -0.393423 -1.185751 0.634247 0.247481 -0.049367 0.467225 0.583124 -0.099620 1.005278 0.370912 -0.017587 0.472306 -0.357831 -0.637225
adjd+de -0.002675 -0.276212 0.141948 -0.323577 -0.090159 -0.395542 -0.087117 0.234967 0.130787 0.401304 0.079042 0.651353 -0.521387 -1.058271 -0.399251 -0.409524 0.023127 0.063098 -0.078426 -0.619377 0.387846 0.247985 0.372575 -0.070724 0.937163
apprart+de 0.072234 -0.825762 -0.567890 -0.446306 -0.887913 0.002630 -0.073757 0.107896 -0.104028 -0.126810 0.392797 0.742504 0.391125 -0.573503 -0.416502 -1.070790 0.195636 -0.391088 0.251804 -0.971901 0.551413 0.504392 0.157096 0.429079 0.868187
prorel+fr 0.488908 -0.531778 0.795202 -0.464047 0.166295 0.423468 -0.172791 0.414726 -0.034097 0.468783 0.111195 0.649954 -0.636378 -0.933544 -0.325998 -0.144144 0.571592 0.036089 0.064640 -0.845541 -0.240926 0.044126 -0.234957 0.737580 -0.077310
card+de 0.072688 -0.636097 -0.314047 -0.055689 -0.580108 -0.099310 -0.234650 -0.132531 0.323705 0.136644 0.036997 0.575222 0.070596 -0.947160 -0.553977 -0.581141 -0.037773 -0.111994 -0.076092 -0.838688 0.374724 0.714095 0.225054 0.362459 0.972833
pper+de -0.015734 -0.581881 0.593144 0.177212 -0.321223 -0.709465 0.245199 0.571821 -0.000403 0.349225 -0.235128 0.588323 -0.767475 -1.184408 -0.750942 -0.108591 0.168760 0.058932 -0.208406 -0.375818 0.108901 -0.048206 0.753440 0.496706 0.494769
rg+sv -0.300192 0.517426 -0.040186 -0.115200 -0.394149 -0.670455 -0.364713 0.744116 -0.204875 0.325563 0.224002 0.258812 -0.615007 -0.130563 -0.264843 -0.678648 -0.509769 0.797903 0.174857 0.211550 -0.215738 0.272839 0.064186 -0.405972 0.350808
cs+fr 0.392913 0.000188 0.586795 -0.414233 0.162861 0.706839 0.261996 -0.298273 0.205584 0.482008 0.255442 0.767212 -0.187533 -0.633320 -0.435472 0.065883 0.478955 -0.222791 0.327039 -0.650946 -0.080492 -0.680890 0.012428 0.226109 -0.254961
vvinf+de 0.290517 -0.274802 0.221508 -0.597766 0.216549 -0.337022 0.568896 -0.080086 0.116271 0.381648 0.047223 0.869052 -0.245777 -1.125016 0.034743 -0.444399 0.359306 -0.148366 0.394119 -1.011278 0.714812 -0.272159 0.025953 -0.516644 1.061034
conj+pl -0.363124 0.193062 0.122397 -0.212737 -0.529217 -0.552309 -0.400204 0.583682 0.074584 0.544511 0.129591 0.549040 -0.609975 -0.620062 -0.678823 -0.716718 0.050417 0.187152 0.095155 0.125092 0.160067 0.317764 0.336089 -0.535476 0.395066
pc+sv -0.188273 0.566895 -0.062301 -0.193941 -0.213683 -0.573840 -0.476874 0.811753 -0.269658 0.282060 0.192230 0.185115 -0.480235 0.017002 -0.297833 -0.606451 -0.440551 0.808559 0.227684 0.114488 -0.366823 0.189365 -0.021246 -0.371733 0.134172
pm+sv -0.163486 0.475583 0.461613 -0.071556 -0.438269 -0.522635 -0.198438 0.900400 -0.081690 0.546135 0.129468 0.433659 -0.953844 -0.218862 -0.091639 -0.465262 -0.323957 0.822309 0.270027 0.250709 -0.139795 -0.084530 0.023624 -0.060723 -0.023859
sn+sv -0.052057 0.569837 0.180079 -0.451417 -0.281030 -0.401693 -0.226981 0.381337 0.218430 0.302122 0.069663 0.589823 -0.342063 0.167514 -0.298181 -0.526864 -0.629166 0.505748 0.126296 0.116097 -0.350556 -0.293496 -0.187379 -0.670951 0.408057
hp+sv -0.030766 0.305649 0.332824 -0.488928 -0.038083 -0.608748 -0.186738 0.719964 0.031679 0.133755 -0.186832 0.542314 -0.380670 0.110796 -0.132162 -0.401281 -0.553296 0.531889 -0.001556 0.003260 -0.201242 -0.372238 -0.252725 -0.528610 0.563179
pro+fr 0.300752 -0.157761 0.323097 -0.824474 0.244237 0.142675 -0.536191 0.011994 -0.129678 0.480281 0.531571 0.486818 -0.642340 -0.466422 -0.456131 0.181258 0.155575 0.213656 -0.273257 -0.921575 0.133414 -0.216102 0.479805 0.400198 0.397757
clr+fr 0.744609 -0.621918 0.788155 -0.492094 0.322258 -0.035909 0.188591 0.419575 -0.018699 0.209762 0.142972 0.438510 -0.692706 -0.760606 0.042980 0.031388 -0.023125 0.301019 -0.188386 -1.027104 -0.249931 -0.294094 -0.181084 0.829583 0.330644
ie+sv 0.066074 0.191352 0.420018 -0.198707 -0.176927 -0.944839 -0.265269 0.841498 -0.210165 0.065180 -0.414346 0.258029 -0.411423 0.139218 -0.280851 -0.350055 -0.523617 0.615286 0.031179 0.038853 -0.065902 -0.325587 0.057574 -0.289943 0.479314
vmfin+de 0.085833 -0.151657 0.147824 -0.594578 -0.279019 -0.099398 -0.259635 0.107252 0.062212 0.355775 0.242818 0.766907 -0.315097 -0.574693 -0.344363 -0.624662 0.212545 -0.073967 0.162568 -0.528490 0.565859 0.111955 0.193845 -0.256627 0.731034
pad+sv -0.250912 0.383410 0.033782 -0.086983 -0.431575 -0.526537 -0.058024 0.771932 -0.064862 0.196293 0.283327 0.268114 -0.558256 -0.107444 -0.291068 -0.565922 -0.407241 0.527225 0.125431 0.152213 -0.282588 -0.085594 0.065310 -0.178527 0.132291
inf+pl -0.143335 0.269161 0.356084 -0.333766 -0.059018 -0.310848 -0.404062 0.532357 0.033998 0.461163 0.213642 0.412249 -0.697326 -0.545910 -0.567782 -0.492802 0.039023 0.252810 -0.066924 0.099097 -0.119228 0.068380 0.086789 -0.530048 0.338695
ppron3+pl -0.014394 0.270008 0.279723 -0.237638 -0.056997 -0.542159 -0.242631 0.400773 -0.055946 0.384768 -0.015993 0.441185 -0.527581 -0.535504 -0.579528 -0.397991 -0.132543 0.387734 0.025009 -0.114036 -0.076953 0.089661 0.175419 -0.509761 0.580631
kous+de 0.238767 -0.220770 0.540513 -0.365748 -0.457776 0.127592 -0.345533 -0.501864 0.456465 0.716220 -0.039098 0.789556 -0.354201 -0.693883 -0.211645 -0.308934 0.557411 -0.225968 0.330523 -0.443507 1.014516 0.230931 0.256344 -0.087442 0.465911
comp+pl 0.010940 0.296717 0.374838 -0.310207 0.008723 -0.167667 -0.764256 0.438035 -0.209292 0.364269 0.237720 0.237801 -0.584336 -0.416600 -0.668664 -0.597474 0.155827 0.233616 -0.064258 0.237107 -0.058443 0.451497 0.031963 -0.585226 0.329847
clo+fr 0.677457 -0.487294 0.757587 -0.383299 0.261615 -0.128765 0.165023 0.278704 0.115141 0.284974 0.075809 0.447557 -0.686542 -0.852751 -0.012577 0.108594 -0.058114 0.332171 -0.179105 -0.958924 -0.168992 -0.198367 -0.074101 0.697528 0.416259
et+fr 0.084880 -0.031881 0.435794 -1.027121 0.571460 -0.062207 -0.616546 0.892039 -1.123327 0.087881 0.645099 0.088927 -0.683881 0.334295 -0.228596 -0.017853 0.650765 0.021723 -0.208109 -0.068733 0.035466 -0.604575 0.380784 -0.027025 -0.221815
piat+de 0.001858 -0.515788 -0.348274 -0.288447 -0.456895 -0.029417 -0.238812 -0.099616 0.120240 0.109451 0.229665 0.460325 0.062311 -0.591472 -0.358061 -0.457549 0.110092 -0.164583 -0.006134 -0.775450 0.438984 0.448418 0.276985 0.315665 0.697656
pposat+de 0.239855 -0.724072 -0.378337 -0.204513 -0.474429 -0.217601 0.026275 -0.228129 -0.051592 -0.143333 0.273977 0.300779 0.177362 -0.532618 -0.107310 -0.550420 0.042455 -0.205565 -0.049593 -0.878436 0.645781 0.491984 0.287630 0.370390 0.959038
prels+de 0.240149 -0.256541 0.338053 -0.159745 -0.376445 -0.029042 -0.411732 -0.757314 0.391349 0.656783 -0.073214 0.519024 -0.341478 -0.727013 -0.285084 -0.021001 0.384226 -0.132346 0.087940 -0.551995 0.998118 0.396376 0.596485 0.094358 0.603577
pl+sv 0.042507 0.328899 0.341625 -0.223642 -0.066873 -0.666742 -0.236223 0.677041 -0.187211 0.144921 -0.212996 0.278597 -0.423332 0.109139 -0.224837 -0.328619 -0.442611 0.608904 0.115427 0.055843 -0.133470 -0.247012 0.001282 -0.350933 0.320502
vpr+fr 0.354886 0.076764 0.105113 -0.710889 0.336465 0.520657 -0.152996 -0.294096 -0.157965 0.161610 0.637852 0.272684 -0.164662 0.058740 -0.118765 0.235511 0.110903 -0.016749 -0.104976 -0.647386 -0.051077 -0.549870 0.187475 0.232514 -0.032486
ptkvz+de 0.256770 -0.201752 0.034019 -0.390530 -0.131269 -0.024722 0.255446 -0.356006 0.048639 0.243276 0.205547 0.627002 0.029004 -0.707845 -0.215261 -0.459658 0.352012 -0.276288 0.374774 -0.779937 0.664317 -0.063835 0.198924 -0.278482 0.714963
ha+sv -0.037325 0.290935 0.138712 -0.384199 -0.241568 -0.367199 -0.148231 0.467314 0.054516 0.178039 0.132864 0.404378 -0.317256 0.037650 -0.207485 -0.475723 -0.429661 0.394243 0.032704 0.015795 -0.258767 -0.156284 -0.129182 -0.352251 0.379692
:+hu -0.188330 0.261483 -0.015703 0.114250 -0.271138 -0.362157 0.061455 0.315570 -0.005180 0.175992 0.040612 0.004064 -0.301925 -0.036544 -0.010503 -0.143284 -0.166639 0.314092 0.146993 0.181338 -0.111342 -0.056884 0.113310 -0.131339 -0.171661
prf+de -0.003938 -0.387392 0.317529 0.050475 -0.259764 -0.432100 0.053166 0.230718 0.003719 0.302801 -0.084272 0.422027 -0.496844 -0.921766 -0.622633 -0.184642 0.233246 -0.038791 -0.080398 -0.351454 0.240847 0.135916 0.622861 0.245530 0.474592
ppas+pl 0.070807 0.247615 0.257194 -0.082753 -0.073969 -0.545406 -0.334093 0.247647 -0.237983 0.244716 0.070643 0.241831 -0.441526 -0.459348 -0.584586 -0.507947 -0.079368 0.397180 0.033042 -0.009868 -0.026673 0.345401 0.211091 -0.540870 0.620464
ps+sv -0.190359 0.223945 -0.063177 -0.162247 -0.374811 -0.656936 -0.250461 0.654557 -0.171087 0.136518 0.113865 0.205425 -0.375145 -0.046185 -0.319448 -0.525178 -0.439345 0.495920 0.079449 -0.040151 -0.069317 0.034575 0.230822 -0.153765 0.370138
ptkneg+de -0.077631 -0.226845 0.076848 -0.312590 -0.251264 -0.253168 -0.079313 0.212153 0.074757 0.328173 -0.024477 0.705342 -0.206013 -0.706223 -0.502187 -0.407566 0.173539 -0.062390 0.156239 -0.507044 0.335732 0.030414 0.262539 -0.097648 0.562772
num+pl -0.032564 0.081808 0.091300 -0.160598 -0.216796 -0.544720 -0.183695 0.307060 -0.129657 0.281634 0.142425 0.369481 -0.424670 -0.627624 -0.499007 -0.634779 -0.017839 0.222755 0.080794 -0.113932 0.148620 0.339855 0.263683 -0.426950 0.673044
pis+de 0.022403 -0.339121 0.197567 0.009351 -0.198195 -0.385674 -0.066507 0.035297 0.014159 0.301374 -0.008056 0.367755 -0.409106 -0.882832 -0.475387 -0.197009 0.230471 -0.022674 -0.102040 -0.430153 0.381719 0.320894 0.580413 0.110894 0.620587
proav+de -0.065059 -0.292222 0.274666 -0.068471 -0.260694 -0.362609 0.027414 0.276128 0.041851 0.362158 -0.100905 0.598430 -0.408571 -0.893745 -0.536618 -0.300118 0.280641 -0.079531 0.070362 -0.366870 0.263961 0.108616 0.391809 0.038517 0.441734
ptkzu+de 0.394337 -0.339311 0.104807 -0.692569 -0.071213 -0.206837 0.156822 0.438499 -0.593846 -0.126398 0.620423 0.666053 -0.168845 -0.474645 -0.566101 -0.834682 0.139098 -0.079675 0.106658 -0.785770 0.058087 -0.247561 0.234671 0.009547 0.707043
aglt+pl -0.078187 0.306072 0.370371 -0.141149 -0.092228 -0.474931 -0.357293 0.460719 -0.014066 0.428694 -0.212061 0.479408 -0.477337 -0.360595 -0.584975 -0.263507 -0.101443 0.425400 0.118753 -0.034147 -0.159730 -0.052486 0.116933 -0.405578 0.285121
ger+pl 0.013941 0.130917 0.089798 -0.044445 -0.277927 -0.485099 -0.189287 0.149914 -0.240382 0.262555 0.186615 0.286691 -0.371878 -0.543701 -0.463879 -0.654131 -0.001463 0.293645 0.109675 -0.039440 0.164229 0.485757 0.286645 -0.441527 0.627309
pds+de 0.056285 -0.306716 0.252270 -0.037820 -0.208946 -0.251759 0.001693 0.161357 0.042814 0.269023 -0.004528 0.436099 -0.348362 -0.754045 -0.477772 -0.227339 0.164460 0.000934 -0.021283 -0.363073 0.160385 0.125106 0.359342 0.217123 0.354637
x+hu -0.092407 0.235163 -0.001864 -0.000634 -0.210375 -0.248041 -0.039446 0.231477 0.009934 0.175993 0.054905 0.006565 -0.217914 0.042504 -0.051693 -0.081325 -0.132529 0.290312 0.129842 0.078820 -0.151657 -0.066432 0.047925 -0.104885 -0.153849
vainf+de 0.023041 -0.046243 0.142820 -0.305871 0.232590 -0.396471 0.251983 -0.144925 -0.035143 0.367209 0.111295 0.445003 -0.341995 -0.839643 -0.242149 -0.153469 0.312836 -0.152504 0.128617 -0.482479 0.527507 -0.139055 0.425254 -0.501922 0.661459
pred+pl -0.140518 0.086577 0.174685 -0.227837 -0.200544 -0.353567 -0.245324 0.363862 0.055626 0.334861 0.048580 0.379423 -0.416871 -0.402687 -0.365078 -0.396982 0.049554 0.137751 0.044016 -0.001681 0.143886 0.142346 0.129767 -0.335088 0.350631
ppron12+pl 0.053231 0.196055 0.296181 -0.150579 -0.037371 -0.404580 -0.251271 0.285693 -0.147688 0.276517 0.018605 0.286740 -0.464899 -0.418600 -0.402454 -0.370316 -0.077504 0.356511 0.020753 -0.015343 -0.042041 0.192762 0.116658 -0.365840 0.438791
pdat+de 0.055445 -0.471274 -0.371435 -0.278428 -0.339644 -0.058753 -0.020077 -0.046396 0.086813 -0.015017 0.190576 0.366530 0.132958 -0.366205 -0.105655 -0.387177 -0.009933 -0.176347 0.023986 -0.685999 0.356063 0.242708 0.108936 0.249412 0.585573
kokom+de 0.069183 -0.227479 0.099565 -0.177073 -0.267457 -0.004922 -0.261399 0.039312 0.020215 0.255779 0.107776 0.475506 -0.193247 -0.556674 -0.483769 -0.337160 0.215229 -0.051319 0.035942 -0.373892 0.211837 0.219659 0.270727 0.082400 0.373994
pwav+de 0.021957 -0.103593 0.183057 -0.222182 -0.226067 0.020414 -0.244804 -0.189169 0.172071 0.425340 0.026014 0.495899 -0.227690 -0.550453 -0.329627 -0.229525 0.349284 -0.114604 0.163514 -0.334304 0.478344 0.186831 0.255401 -0.084442 0.310443
vapp+de 0.008488 -0.025818 0.083934 -0.242952 0.162276 -0.230813 0.146755 -0.054939 -0.127928 0.231825 0.232575 0.323525 -0.306939 -0.634112 -0.269988 -0.188611 0.245634 -0.110207 0.078465 -0.364918 0.350320 -0.064195 0.404524 -0.325942 0.488605
vvizu+de 0.195695 -0.154489 -0.023628 -0.366586 -0.015092 0.040506 0.051275 -0.219540 -0.043745 0.150858 0.293672 0.399822 -0.060487 -0.481043 -0.141569 -0.321163 0.241029 -0.116836 0.135824 -0.598172 0.369485 0.045007 0.126692 -0.103798 0.526044
pact+pl 0.000456 0.060843 0.043464 -0.132809 -0.151187 -0.337034 -0.154788 0.134887 -0.087737 0.204475 0.161965 0.209127 -0.275845 -0.428019 -0.318582 -0.465473 0.005692 0.142778 0.036618 -0.067288 0.116617 0.282444 0.179319 -0.335058 0.466023
brev+pl 0.051808 0.143762 0.227286 -0.166065 -0.153532 -0.152961 -0.364251 0.182883 -0.130924 0.275631 0.230804 0.255989 -0.370815 -0.354949 -0.419489 -0.399063 0.089473 0.202702 0.022635 -0.021653 0.023444 0.277616 0.126197 -0.221955 0.257218
bedzie+pl -0.107545 0.017741 0.030609 -0.185230 -0.122264 -0.243117 -0.105406 0.199615 0.064053 0.241565 0.139570 0.286189 -0.267292 -0.372740 -0.313252 -0.309072 0.038600 0.043071 0.006053 -0.098160 0.091843 0.065554 0.178253 -0.289493 0.336955
?+hu -0.080358 0.068079 -0.044524 -0.003708 -0.091709 -0.093971 -0.010354 0.104682 -0.012503 0.037923 0.043541 0.021773 -0.051416 0.006430 -0.009343 -0.076958 -0.061091 0.084276 0.061892 0.019956 -0.040819 0.000671 0.031048 -0.041392 -0.044482
imps+pl -0.044053 0.050964 0.068231 -0.189074 -0.167513 -0.223533 -0.156057 0.179075 -0.037177 0.203785 0.170788 0.257233 -0.287726 -0.364746 -0.299941 -0.373779 0.081310 0.070086 0.029229 -0.043467 0.155375 0.166103 0.172801 -0.294942 0.352462
vs+fr 0.284689 -0.061554 0.200323 -0.381059 0.171337 0.383089 0.186039 -0.086135 0.001837 0.076914 0.326917 0.328146 -0.074593 -0.199182 -0.058543 0.043137 0.106689 -0.056883 0.060816 -0.502468 -0.131871 -0.411041 -0.057397 0.226124 -0.029579
o+hu -0.008279 0.073158 0.017551 -0.024029 -0.070262 -0.096818 -0.017940 0.090668 0.012898 0.065809 0.030376 0.031052 -0.085632 0.022117 -0.024315 -0.054874 -0.046549 0.120419 0.057177 0.023508 -0.066302 -0.011192 0.020493 -0.045268 -0.047821
trunc+de 0.154911 -0.215677 0.142433 -0.161711 -0.030285 0.030310 -0.355085 -0.017558 -0.193422 0.179087 0.234168 0.152264 -0.295153 -0.437155 -0.298526 -0.260566 0.229566 0.036161 -0.122376 -0.229963 0.191891 0.475654 0.205856 0.070417 0.332604
xy+de 0.122292 -0.162496 0.182720 -0.096812 0.064356 -0.046165 -0.059086 0.191942 -0.207718 0.059935 0.167962 0.124099 -0.223384 -0.428089 -0.196441 -0.251384 0.249234 -0.024878 -0.063786 -0.180055 0.070674 0.172195 0.085039 -0.007015 0.269173
ro+sv -0.099379 0.141600 -0.028182 -0.134996 -0.169004 -0.178454 -0.123842 0.302260 -0.054719 0.118116 0.134688 0.175386 -0.187091 -0.091843 -0.162047 -0.288092 -0.110413 0.203387 0.069684 -0.024473 -0.096312 0.035269 0.021226 -0.101554 0.095683
impt+pl -0.006771 0.032695 0.123975 -0.150796 -0.100802 -0.153357 -0.195455 0.163372 -0.015383 0.184023 0.120170 0.178568 -0.248142 -0.260980 -0.216660 -0.291040 0.027229 0.113875 0.022595 -0.041661 0.089931 0.144335 0.069926 -0.207998 0.260508
pref+fr 0.181231 -0.014028 0.090895 -0.305072 0.267822 0.468873 0.030164 0.011490 -0.178287 0.021145 0.408706 0.097572 -0.053192 0.006502 -0.077100 0.100447 0.156892 -0.036688 -0.026672 -0.276351 -0.310817 -0.308401 -0.097174 0.248010 -0.226105
siebie+pl 0.026461 0.087031 0.100803 -0.034138 -0.127708 -0.222711 -0.110685 0.108913 -0.125029 0.156804 0.091226 0.153583 -0.228460 -0.315586 -0.242565 -0.302937 0.009469 0.185242 0.029176 0.005853 0.065901 0.228856 0.134414 -0.208753 0.330253
koui+de 0.089104 -0.055487 0.073987 -0.167196 -0.087078 0.202087 -0.174905 -0.200150 0.017649 0.241287 0.206282 0.280276 -0.121493 -0.316635 -0.298484 -0.094034 0.272905 -0.106961 0.044901 -0.293816 0.189350 0.075494 0.226324 0.057451 0.139273
z+hu -0.038946 0.046955 0.015416 -0.012660 -0.058485 -0.073832 0.003318 0.058812 -0.018771 0.029216 0.019341 0.007144 -0.062861 0.007748 -0.027823 -0.065663 -0.034598 0.070025 0.028682 0.026554 -0.007973 -0.006801 0.039432 -0.033013 0.000197
i+hu -0.024836 0.059284 0.015198 -0.027036 -0.059924 -0.091268 0.006834 0.064465 -0.001744 0.048541 0.025909 0.026527 -0.098179 -0.006097 -0.005443 -0.055320 -0.052177 0.093234 0.053482 0.039462 -0.030172 -0.017699 0.030673 -0.014277 -0.017084
pws+de 0.097322 -0.105824 0.090128 -0.109099 -0.037342 0.020328 -0.066960 -0.034940 -0.024403 0.138659 0.090271 0.219042 -0.121180 -0.273042 -0.188516 -0.081745 0.121031 -0.045381 0.032404 -0.247241 0.147899 0.075451 0.133739 0.063642 0.183075
hd+sv -0.058054 0.064343 0.001211 -0.086976 -0.098971 -0.164553 -0.061113 0.218749 -0.043426 0.059592 0.104641 0.107334 -0.141133 -0.075865 -0.095607 -0.187944 -0.101950 0.131200 0.014335 -0.034437 -0.039918 -0.007867 0.050919 -0.041889 0.126221
vminf+de 0.212120 -0.080190 0.181246 -0.242065 0.022074 -0.002203 0.052704 -0.038851 -0.123960 0.102155 0.189079 0.268514 -0.144287 -0.308675 -0.219651 -0.191016 0.139315 -0.024426 0.073156 -0.316414 0.114752 -0.102480 0.100552 0.017204 0.242389
;+hu -0.010983 0.065206 0.016742 -0.018995 -0.057161 -0.063960 0.025677 0.037002 0.005858 0.045103 0.018367 0.014030 -0.062096 0.020153 -0.022418 -0.036838 -0.040244 0.076244 0.038912 0.006897 -0.032927 -0.005854 0.028925 -0.042665 0.000822
uo+sv -0.010407 0.051633 0.088595 -0.103968 -0.092541 -0.118763 -0.062087 0.134969 -0.036758 0.090982 0.113215 0.103856 -0.191880 -0.126708 -0.142540 -0.116926 -0.045961 0.122660 0.003788 -0.056865 -0.021074 -0.035545 0.070669 -0.050571 0.091498
advwh+fr 0.210720 -0.031548 0.149095 -0.239124 0.177074 0.225934 -0.054119 0.009397 -0.056087 0.078331 0.229696 0.124757 -0.148875 -0.066645 -0.048232 0.060823 0.056100 0.073572 -0.075107 -0.286396 -0.133730 -0.162511 -0.063521 0.224468 -0.048980
appo+de 0.031711 -0.129982 0.012121 -0.147656 -0.061774 -0.012863 -0.025825 0.067659 -0.036484 0.081220 0.069368 0.169455 -0.087529 -0.211141 -0.104539 -0.095306 0.088664 -0.025858 0.027175 -0.210970 0.087190 0.011862 0.069576 0.071740 0.133461
!+hu -0.001104 -0.006423 -0.016157 -0.005569 -0.034868 -0.015140 0.007863 0.011977 0.010542 -0.007531 -0.010190 -0.005961 -0.026231 -0.018068 0.014832 -0.027896 0.000311 -0.001139 -0.011822 0.011762 0.012901 0.010851 -0.002730 -0.024923 0.008911
fm+de 0.114943 -0.117550 0.104982 -0.172556 0.019670 0.052389 -0.044965 0.069275 -0.101629 0.061345 0.172181 0.134624 -0.130221 -0.199682 -0.090552 -0.116369 0.096945 -0.009400 -0.006244 -0.231185 0.003900 0.001090 0.009514 0.111113 0.084832
prowh+fr 0.118865 -0.071216 0.101546 -0.151759 0.075253 0.096346 0.032448 0.024474 -0.047358 0.048161 0.137956 0.127406 -0.073144 -0.115632 -0.049610 -0.005638 0.035222 -0.010978 -0.027366 -0.228486 -0.057583 -0.130247 -0.017980 0.162743 0.012277
winien+pl -0.016824 -0.005702 0.018742 -0.090768 -0.088916 -0.103944 -0.054040 0.076863 0.012470 0.083326 0.056425 0.165118 -0.105195 -0.182653 -0.151683 -0.140250 0.039128 0.000601 0.011528 -0.081622 0.059726 0.028761 0.064705 -0.090384 0.151840
vimp+fr 0.105270 -0.001082 0.084791 -0.131023 0.100642 0.148263 -0.091435 -0.029137 -0.051104 0.060285 0.116513 0.050370 -0.077365 -0.048286 -0.055179 0.052310 0.063661 0.008813 -0.025849 -0.131892 -0.044186 -0.086956 0.043227 0.068050 -0.042600
ptka+de 0.031793 -0.071403 0.011158 -0.059431 -0.047223 -0.034226 -0.027319 0.051885 -0.023070 0.038925 0.045652 0.091666 -0.031335 -0.124866 -0.080138 -0.107342 0.059214 -0.013169 0.003130 -0.115448 0.062043 0.011539 0.049073 0.033884 0.125282
p+pro+fr 0.125603 -0.020301 0.116648 -0.211172 0.099720 0.132387 -0.067172 0.035731 -0.071968 0.078828 0.173179 0.112293 -0.153376 -0.113717 -0.082216 0.032639 0.067384 0.047402 -0.032907 -0.226626 -0.101758 -0.112475 0.019718 0.134141 0.000690
prelat+de 0.104727 -0.137375 0.004220 -0.150891 -0.049912 0.029742 -0.042092 -0.066596 0.018942 0.064825 0.104134 0.132090 -0.002557 -0.151797 -0.088867 -0.092885 0.067961 -0.039439 -0.004103 -0.248440 0.126260 0.013632 0.070903 0.095986 0.196701
apzr+de 0.034259 -0.076298 0.033732 -0.130931 -0.031268 0.031267 -0.044402 0.028299 -0.027876 0.082114 0.120089 0.153795 -0.083746 -0.209334 -0.161103 -0.112897 0.104419 -0.009731 0.012755 -0.178021 0.050127 0.061071 0.098598 0.061620 0.158570
vvimp+de 0.067884 -0.090894 0.017648 -0.120446 -0.047301 0.004360 -0.017083 -0.005706 -0.015082 0.070683 0.092334 0.172189 -0.078720 -0.211042 -0.140219 -0.107296 0.078147 -0.029173 0.000631 -0.224806 0.077277 0.045751 0.050689 0.055427 0.168428
pwat+de 0.023126 -0.056159 -0.024677 -0.116899 -0.046778 0.066712 -0.036136 -0.027736 0.010059 0.051747 0.092599 0.113040 -0.008176 -0.099737 -0.086961 -0.088428 0.035719 -0.036714 0.013480 -0.171525 0.042455 0.035468 0.046874 0.059028 0.093219
adja+pl -0.014893 -0.014428 0.018681 -0.053154 -0.046384 -0.071297 -0.044781 0.029852 -0.020186 0.068155 0.036697 0.070322 -0.088085 -0.122762 -0.082516 -0.110288 0.027819 0.024929 0.004408 -0.062476 0.040869 0.098085 0.063259 -0.047315 0.126554
in+sv 0.034372 0.008501 0.071517 -0.044625 -0.033473 -0.048258 -0.025045 0.053004 -0.002863 0.047263 0.020891 0.076818 -0.080065 -0.031630 -0.030370 -0.046229 -0.025159 0.057544 0.012100 -0.026520 0.005335 0.008518 0.006444 -0.017011 0.035035
adjp+pl 0.010662 0.022697 0.077527 -0.036849 -0.057193 -0.106224 -0.089748 0.087008 -0.018867 0.106515 0.043415 0.110494 -0.130940 -0.164019 -0.118821 -0.146901 0.033176 0.066568 0.019803 -0.040381 0.044400 0.065645 0.078157 -0.084743 0.125012
y+hu -0.015770 0.001256 -0.003696 -0.003164 0.013750 -0.013499 -0.008557 -0.006162 -0.005394 0.000838 0.005090 -0.007759 -0.014916 0.007707 0.013595 -0.016816 -0.014799 -0.007645 0.010676 -0.010984 0.000199 -0.012041 0.014409 -0.009245 0.002010
ptkant+de 0.019507 -0.006929 0.014304 -0.030151 -0.007328 0.024563 -0.015166 -0.050923 -0.022186 0.011806 0.022340 0.060126 -0.030186 -0.038686 -0.018734 -0.020586 0.017354 -0.024224 -0.003503 -0.045139 0.044881 -0.011119 0.032904 -0.018507 0.052517
hs+sv -0.030155 0.037924 -0.035108 -0.047513 -0.039060 -0.068706 -0.044614 0.088400 -0.000723 0.004557 0.062957 0.065813 -0.078384 -0.012922 -0.069260 -0.093426 -0.055184 0.046505 -0.004301 -0.030936 -0.018312 -0.000924 0.021903 -0.016055 0.070626
adjwh+fr 0.125457 -0.058645 0.077000 -0.148202 0.081319 0.104390 0.002005 0.013142 -0.060217 0.032436 0.160151 0.095132 -0.120463 -0.070208 -0.037557 0.028884 0.051211 0.040821 -0.029178 -0.208665 -0.079957 -0.113045 -0.006531 0.132702 0.020357
i+fr 0.026173 -0.023169 0.013871 -0.092161 0.055511 0.047113 -0.056164 0.006435 -0.047758 0.014107 0.066686 0.033145 -0.035806 -0.035674 -0.056463 0.014455 0.028128 -0.004618 -0.026167 -0.085804 -0.031982 -0.016690 0.023453 0.035268 -0.015947
detwh+fr -0.008976 0.016990 -0.004520 -0.000285 -0.009822 0.015399 -0.004669 -0.008097 0.008704 -0.012365 -0.015272 0.013480 0.009765 0.003621 -0.010284 0.004930 0.005534 -0.006897 -0.017300 0.015222 -0.001602 0.010555 -0.009844 0.003655 -0.002848
itj+de 0.011189 -0.004255 0.010735 -0.029045 -0.008210 -0.006490 -0.021487 0.022523 0.009225 0.033069 0.003979 0.053812 0.004037 -0.039489 -0.030591 -0.017103 -0.001222 -0.002429 -0.006779 -0.027952 0.011967 0.008373 0.013234 0.003324 0.046951
depr+pl 0.013441 -0.010672 0.022028 0.004784 -0.003726 -0.030953 -0.022644 -0.001678 -0.013315 -0.002492 0.011521 0.002845 -0.026931 -0.012065 -0.002372 -0.013786 0.024667 -0.014487 0.020463 -0.024448 0.020442 0.015168 0.023484 -0.006492 0.038625
pposs+de 0.010903 -0.014512 -0.003028 -0.009122 -0.007960 0.006897 0.000711 -0.012397 -0.001235 -0.006418 0.008180 -0.010956 0.013800 0.001049 0.000025 -0.009853 -0.012554 -0.001127 0.019273 -0.014684 -0.008662 0.012026 0.006591 -0.008850 -0.007414
adjc+pl -0.015783 0.008071 0.000566 -0.000073 -0.005056 0.004141 0.014059 -0.008923 0.013790 -0.003335 0.000039 0.009185 -0.009651 0.016865 0.008083 0.004757 -0.009080 0.007834 -0.009711 0.012658 -0.019541 -0.013338 0.002313 0.008491 -0.000301
-+hu 0.014386 0.006864 0.005339 -0.015010 -0.001176 0.019463 0.017932 0.005803 -0.013931 0.005565 0.002626 -0.001253 -0.002879 0.003971 0.013999 0.010045 0.003174 0.016988 -0.017410 0.019654 -0.017880 -0.012020 -0.003090 -0.015700 0.004947
