168 25
noun 1.359751 -0.479829 0.315631 -0.792244 -0.176553 -0.615744 1.036440 0.668324 0.878328 0.893258 0.259997 0.161976 0.226451 0.414934 0.081842 0.525422 -0.468153 0.836955 0.777324 -1.252526 -1.520046 -0.600393 -0.098515 -0.500725 0.717784
. 1.070495 -0.391100 0.195818 -0.066210 0.229635 0.205396 0.316923 0.569428 0.895473 0.826297 0.333172 -0.104488 0.217478 0.984230 -0.250499 -0.012489 -0.316851 0.958969 1.411703 -0.605178 -1.128128 -0.293855 -0.163571 -0.485275 0.993024
verb 0.969336 -0.479378 0.447101 -0.273314 -0.282729 -0.079522 0.931850 0.504978 0.759392 0.542100 0.449764 0.330053 -0.781046 1.305061 -0.307097 -0.058997 -0.444805 1.131121 0.293879 -0.572099 -1.109500 -0.414979 -0.545528 -0.714567 0.771945
adp 0.916494 -0.595237 0.129331 0.133169 0.011972 0.332401 0.173512 0.718242 0.999369 0.411225 0.532746 -0.330081 0.240892 1.433740 0.088155 0.079822 0.139769 0.895766 0.991090 -0.812806 -1.004245 -0.682763 -0.310414 -0.804801 1.103883
det -0.030399 0.395575 -0.281864 -0.813182 -0.042243 -0.436828 1.173892 -0.684583 0.243702 0.254423 0.041625 -0.838809 0.248768 1.710441 0.018550 0.064242 0.200553 1.196523 0.377087 -0.339025 -0.602704 -0.123253 -0.715544 -0.978624 0.768376
adj 0.990639 -0.207474 0.356440 -0.201268 0.191673 -0.661989 0.636104 0.463428 0.367284 0.519449 0.555744 -0.216967 0.088178 1.140500 -0.261102 0.521168 -0.198759 1.350939 0.722543 -0.643305 -1.261915 -0.090950 -0.231564 -0.005362 0.704717
nc+fr 0.519879 0.560922 0.577774 -0.816250 0.586432 0.736893 -0.230822 -0.548527 -0.065285 0.549706 1.008286 0.414557 -0.682379 -0.472643 -0.468399 0.320674 -0.041139 0.185167 -0.295563 0.027999 -0.324722 -0.367110 0.442268 0.534343 -0.042856
n+hu -0.094810 0.788345 -0.142771 -0.037801 -0.508168 -0.821438 0.416437 -0.993860 0.097380 0.068390 -0.241926 -0.527394 -0.020605 0.590432 -0.956482 0.465654 0.413796 0.560282 -0.322715 -0.476870 -0.419821 0.213581 -0.129390 -1.157972 -0.023890
adv 0.920747 -0.269952 0.595384 -0.446109 0.303427 -0.191847 0.843353 0.137893 0.938547 0.739634 0.310776 0.232189 -0.314109 0.775167 -0.120785 -0.137106 -0.533180 0.914830 0.798529 -0.770109 -0.974070 -0.548056 -0.542250 -0.376664 0.478094
pron 0.094357 -0.482267 0.541205 0.031385 0.134715 -0.247725 0.870153 0.342929 0.307059 0.507911 0.193616 0.231058 -0.144383 1.378923 -0.109555 0.344635 -0.059001 1.167160 0.366253 -0.902017 -1.031821 -0.462123 -0.807332 -0.673658 0.430655
det+fr 0.469025 0.176738 -0.166644 -0.984490 0.708059 1.203271 0.339758 -0.380238 -0.575301 0.090606 0.327170 -0.436083 0.249806 0.523024 -0.347406 -0.212383 0.154702 0.803373 0.369139 0.165928 -0.650280 0.119848 -0.404386 0.549802 -0.076077
conj 0.772905 -0.513537 0.365691 -0.479971 -0.100458 -0.000827 0.547348 0.661422 0.914114 0.189523 0.418878 -0.292208 -0.287321 1.325183 0.107384 -0.102122 -0.230512 1.309724 0.163000 -0.605742 -0.805022 -0.307738 -0.598512 -0.200871 0.770462
ponct+fr -0.001105 0.031311 0.243936 -0.428470 0.633959 0.886853 0.637093 0.161041 -0.687835 0.116833 0.516158 0.303350 -0.024000 -0.181009 -0.442001 -0.113039 0.614098 0.062837 0.354937 -0.082185 -0.759369 -0.604521 -0.137293 0.018303 -0.207082
p+fr 0.118776 -0.583792 0.321460 -0.131425 0.429569 0.883882 0.353637 0.280710 -0.514322 -0.155427 0.718310 0.412105 0.251521 -0.077586 0.214473 0.304655 0.423414 -0.004834 -0.205238 -0.532226 -0.824391 -0.593700 -0.498697 0.844966 -0.402991
nn+sv 0.880430 -0.006891 0.307273 -0.489946 -0.213723 -0.925605 0.720688 -0.216010 0.839830 0.546097 0.025124 -0.402022 0.135385 1.062020 -0.087295 0.699980 -0.144034 1.034096 0.271996 -1.175029 -1.092442 -0.285840 -0.187593 -0.707155 0.557851
nn+de 0.367967 0.934471 -0.005227 -0.447803 -0.199450 -0.077160 -0.103918 -0.948550 0.172906 -0.012053 -0.345896 -0.469852 -0.572557 -0.290612 -1.461073 0.068299 0.698955 0.069781 -0.450455 -0.488822 -0.276305 -0.051746 0.231193 -0.858306 -0.640498
subst+pl 0.636026 -0.173026 0.224361 -0.524567 -0.160814 -0.464327 0.781708 0.439166 0.742542 0.785532 0.274413 0.095689 -0.003466 0.481589 -0.014349 0.326990 -0.364249 0.932300 0.549392 -0.870613 -1.086743 -0.193820 -0.148458 -0.307311 0.639140
a+hu -0.146154 0.717470 -0.245159 0.413214 -0.428697 -0.373049 -0.219931 -0.680955 -0.254720 -0.491313 -0.528328 -0.871811 0.146743 0.547956 -1.120814 0.295753 0.703244 0.490319 -0.482536 -0.086198 -0.030778 0.410692 0.066462 -0.840246 -0.258498
t+hu 0.022354 0.630742 -0.665053 -0.425481 -0.510496 -0.380737 0.746703 -0.807975 -0.179926 -0.526045 -1.039236 -1.123271 0.413431 0.570429 -0.669875 -0.389060 0.518708 0.231301 -0.018226 0.050958 -0.135602 0.329761 -0.331111 -1.140732 -0.248714
vb+sv 0.709202 -0.128492 0.495489 0.172848 -0.246778 -0.229866 0.825316 0.167441 0.746380 0.068841 0.477627 -0.088910 -0.560763 1.399996 -0.469683 -0.259863 -0.112265 1.138047 0.204754 -0.200226 -0.801680 -0.366157 -0.619055 -0.771396 0.862128
adj+fr -0.151995 -0.146317 -0.429466 -0.670241 0.433232 1.431096 -0.526441 0.029754 -0.170956 0.425531 0.522092 0.022445 -0.047711 -0.141572 -0.359094 0.188475 0.424758 0.246381 0.122087 -0.596210 -0.526075 0.192854 -0.130725 0.700961 -0.387268
v+hu 0.602769 0.452166 0.127144 0.166847 -0.618303 -0.537759 0.108439 -0.329318 0.458706 -0.372583 -0.427362 -0.708718 -0.336413 0.600873 -0.945929 0.072979 0.403001 0.584888 -0.467187 -0.178591 -0.186160 0.012328 0.247647 -1.208164 0.296428
art+de 0.478390 0.431360 -0.621234 -0.430953 -0.262927 0.710649 0.412103 -0.864240 -0.363021 -0.867451 -1.103802 -1.280120 0.761791 0.340437 -0.754014 -0.522212 0.636290 0.377912 -0.229101 -0.028341 -0.220387 0.247406 -0.518624 -0.538228 -0.527647
r+hu 0.044815 0.387663 0.115488 0.236919 -0.395619 -0.676848 0.491274 -0.416422 0.319606 0.080930 -0.921913 -0.387587 0.086394 0.440010 -0.836021 0.187202 0.277565 0.582088 0.029908 -0.691462 -0.354998 -0.014433 -0.107762 -1.455478 -0.029433
pp+sv 0.413592 -0.261880 -0.045866 0.101025 -0.119021 0.084742 0.538701 0.465451 0.471645 0.045641 0.283316 -0.589071 0.126700 1.372912 -0.375698 -0.061616 0.291556 1.234124 0.546094 -0.476068 -0.996208 0.022797 -0.563466 -0.419592 0.791291
interp+pl 0.665595 -0.169183 0.060331 -0.053016 0.034073 0.053720 0.186773 0.306501 0.547277 0.498678 0.464241 -0.126259 0.102961 0.717174 -0.085810 0.146096 -0.174902 0.666247 0.734438 -0.341381 -0.728912 -0.117689 -0.065720 -0.213309 0.725880
v+fr 0.913639 -0.026447 0.069799 -0.569320 0.870998 0.926582 -0.161187 -0.022812 -0.692859 -0.404042 -0.093839 -0.435812 0.379307 -0.448575 -0.273748 -0.108688 0.856324 -0.638172 0.352177 -0.002490 -0.242702 -0.776525 0.481838 -0.047459 -0.596716
,+hu -0.185750 0.788613 0.018858 0.968651 -0.320041 0.030401 0.310033 -0.990426 -0.210401 -0.443674 -0.536510 -0.319221 0.387567 0.181978 -1.192493 -0.260335 0.665109 -0.135217 0.082859 0.195800 -0.053152 -0.313609 -0.196924 -1.643714 -0.064709
appr+de -0.099753 0.128579 -0.741587 -0.938537 -0.397284 0.912480 -0.033845 0.177978 0.389814 0.058535 -1.021214 -0.469935 -0.367937 -0.719134 -1.133962 -0.648375 0.579227 0.258514 -0.126646 -0.906213 -0.247998 0.321032 -0.123596 -0.472175 -0.857782
c+hu -0.110765 0.304378 -0.270381 -0.196986 -0.631113 -0.513097 -0.031787 -0.160085 0.190443 -0.355455 -0.970162 -0.836271 -0.310432 0.432864 -1.048517 0.183229 0.698895 0.626631 -0.673165 -0.779440 -0.156850 0.372486 0.002459 -1.003618 -0.480572
num 0.621020 -0.131069 0.291550 0.372171 -0.137875 -0.153790 0.514531 -0.317593 0.646720 0.427369 0.179522 0.095659 0.299782 0.975672 -0.328282 0.255839 -0.689778 1.399780 0.199430 -0.607729 -0.819134 0.103091 -0.930909 0.061261 0.524389
adv+fr 0.962868 -0.030052 0.697350 -0.598915 0.642459 0.848829 0.094654 -0.025599 0.111910 0.311294 -0.312192 0.158133 -0.166993 -0.033150 -0.470357 -0.010810 -0.239210 0.739822 0.070578 -0.612155 -0.511149 -0.510444 -0.011027 0.112787 -0.352993
npp+fr -0.085891 0.270166 0.013296 -0.989411 1.019641 0.133213 0.055368 -0.460825 -0.890529 0.365079 0.690276 -0.175731 -0.205496 0.490020 -0.439219 0.833060 1.003364 0.346513 0.081098 -0.681442 -0.551592 -0.359956 0.148966 0.270732 -0.551668
ne+de 0.715087 0.533649 0.169611 -0.015401 -0.575988 0.216570 0.580370 -0.110695 -0.128055 -0.855911 -0.866751 -0.568979 -0.156143 -0.647368 -1.601648 -0.423165 0.716707 0.370067 -0.724957 -0.125342 -0.443100 -0.067402 0.226639 -0.705082 -0.582922
adja+de 0.370190 0.337485 -0.769809 -0.458164 -0.474722 1.046380 -1.047611 -0.388581 0.379797 -0.279856 -0.601485 -0.896340 -0.167524 -0.403427 -1.264411 -0.099120 0.625804 0.328083 -0.646939 -0.648624 -0.062628 0.732374 0.253773 -0.037797 -0.719306
jj+sv 0.524341 -0.144377 0.130396 0.206469 -0.123702 -0.597272 0.220833 0.108931 0.427463 0.051268 0.138869 -0.521845 0.116706 1.198070 -0.260232 0.472882 0.019732 1.190895 0.117272 -0.575568 -0.729262 0.161270 -0.340979 -0.167812 0.520943
prep+pl 0.647130 -0.175290 0.022545 -0.005020 -0.016346 0.039888 0.119810 0.301429 0.581830 0.466389 0.452473 -0.162994 0.144433 0.722453 -0.061270 0.162322 -0.157422 0.660074 0.686142 -0.346252 -0.711615 -0.131522 -0.037547 -0.242220 0.768349
ab+sv 0.184890 -0.085127 0.247531 -0.280116 0.001579 -0.639102 0.869192 0.171894 0.437467 0.407590 0.008567 -0.139413 -0.203127 1.033395 -0.174505 0.069147 -0.063697 1.024750 0.427377 -0.537038 -0.655409 -0.187342 -0.434108 -0.603985 0.490923
adj+pl 0.584200 -0.095555 0.093561 -0.135114 -0.125133 -0.212768 0.365385 0.188441 0.522139 0.420924 0.518861 -0.111709 0.033960 0.697521 -0.113889 0.235218 -0.246343 0.766814 0.435371 -0.359572 -0.803949 0.047078 -0.174253 -0.021054 0.668239
p+d+fr 0.276123 -0.209741 -0.059381 -0.886778 0.488360 0.826295 1.372865 0.482388 -0.654754 -0.060810 0.480812 0.079555 -0.152833 -0.096543 -0.640304 -0.680872 0.375228 0.738403 0.464809 -0.036965 -1.275182 0.015162 -0.806377 0.916867 -0.370018
.+hu -0.164253 0.726730 -0.479567 0.230260 -0.315978 -0.110049 0.066148 -0.462644 -0.044525 -0.087361 -1.052477 -0.807709 0.520372 0.204524 -0.801674 -0.265801 0.397988 0.156771 0.538634 0.137477 0.023488 0.421711 0.269997 -1.202702 0.087706
mad+sv 0.182514 0.003546 -0.244158 0.306917 -0.238321 -0.138010 0.623410 0.130483 0.339880 -0.101209 -0.032211 -0.590658 0.346834 0.902497 -0.454420 -0.323117 0.205520 0.821063 0.602480 -0.033930 -0.625444 0.201915 -0.485070 -0.494799 0.681413
p+hu -0.264060 0.263031 0.046221 0.271761 -0.379107 -0.437577 0.251155 -0.194201 -0.013586 -0.220434 -0.787643 -0.453113 0.012080 0.604687 -0.780526 0.244497 0.529009 0.552599 -0.315997 -0.578553 -0.212922 0.064664 -0.134868 -1.151792 -0.236171
$.+de 0.394873 0.543830 -0.096623 0.296291 0.156758 0.306788 0.430863 0.398484 -0.379264 -0.100238 -0.597397 -0.485624 -0.036648 -0.172415 -1.723102 -0.678001 0.859417 0.377396 1.114450 0.306486 -0.663903 0.072852 0.390616 -1.075311 0.038274
$,+de -0.337398 0.581397 -0.558829 -0.179266 0.010891 0.714544 0.577828 -0.092785 -0.344464 0.113373 -0.715329 -0.397005 0.167333 -0.267589 -1.433330 -0.676878 0.834840 0.249908 0.809162 -0.097914 -0.528779 0.087141 -0.082246 -1.064104 -0.276611
vpp+fr 0.676774 -0.028735 0.571364 -0.499959 0.817777 1.415808 -0.305445 -0.326751 -0.089177 0.471877 0.011053 0.123185 0.165552 0.443152 -0.203769 0.265801 -0.230279 0.828259 0.164157 -0.536004 -0.456270 -0.427525 -0.082546 0.147237 -0.097484
dt+sv 0.034171 0.294632 -0.081219 -0.326637 -0.207671 -0.705294 0.941403 -0.377595 0.398261 0.155867 -0.104226 -0.570622 0.122126 1.041639 -0.155764 0.044735 0.084872 0.958306 0.240120 -0.394940 -0.530556 0.017328 -0.500756 -0.680372 0.568191
adv+de 0.194281 0.434870 -0.057378 -0.241047 -0.094733 0.259470 0.022769 -0.428486 0.252202 0.094719 -1.169601 -0.433901 -0.042032 0.099820 -1.110562 -0.118678 0.226059 0.708665 -0.029844 -0.762169 -0.157404 0.055907 -0.143033 -1.003729 -0.508135
pn+sv -0.139889 -0.017005 0.441585 -0.055894 0.247135 -0.752751 0.775116 0.037169 0.037029 0.392583 -0.396740 0.021727 -0.087179 1.009549 -0.186536 0.317735 0.063212 0.855229 0.392627 -0.592500 -0.387671 -0.439381 -0.335731 -1.020358 0.232271
vvfin+de 0.935949 0.022307 0.061659 -0.853460 -0.114908 0.496754 -0.241658 0.457295 0.431683 -0.360788 -1.128373 -0.596479 -0.559033 -0.429620 -0.772830 -0.551563 0.204866 0.341108 -0.347885 -0.355304 0.211332 -0.113021 0.558373 -0.499873 -0.444217
m+hu 0.365806 0.576495 -0.309480 0.219142 -0.339993 -0.243314 -0.068772 -0.962752 0.032249 -0.362859 -0.820550 -0.755490 0.374693 0.178104 -0.832276 -0.013061 0.127085 0.254484 -0.206804 -0.123855 0.037194 0.352753 -0.250337 -0.570580 -0.424948
praet+pl 0.452179 -0.108579 0.136375 -0.114804 -0.038521 -0.104814 0.284764 0.203149 0.394968 0.372394 0.328320 -0.016147 -0.097792 0.650276 -0.109399 0.163805 -0.178845 0.627539 0.362178 -0.330616 -0.600522 -0.107798 -0.135806 -0.230809 0.534037
cc+fr 0.168109 0.013460 0.259870 -0.763306 0.733937 1.255570 0.288377 0.073046 -0.575388 0.141573 0.476584 0.253177 -0.117759 -0.324715 -0.434004 -0.049828 0.597923 0.024525 0.157824 -0.242478 -0.636148 -0.661076 0.024220 0.190263 -0.392200
kn+sv 0.242803 -0.008426 -0.086210 -0.003169 -0.233839 -0.168998 0.675098 0.175117 0.395509 0.015767 -0.028317 -0.494943 0.161808 0.968324 -0.293425 -0.186868 0.127534 0.971818 0.378810 -0.245707 -0.635969 0.068089 -0.468410 -0.489679 0.642283
prt 0.555629 -0.132096 0.306694 -0.275210 0.560815 -1.499212 0.796425 0.154560 0.181807 0.430050 -0.652975 -0.385488 -0.275051 1.242634 -0.192183 -0.051930 -0.120274 0.808370 1.157928 -0.407771 -0.416207 -0.097802 -0.389930 -0.761866 0.068475
$lrb+de 0.777231 0.406023 -0.139724 -0.547916 -0.018762 0.311934 0.150815 0.017222 -0.058065 -0.464268 -0.769311 -0.668955 -0.264477 -0.599455 -1.161890 -0.643912 0.641648 -0.086497 0.052482 0.094222 -0.058196 -0.118375 0.520469 -0.591330 -0.451484
vinf+fr 0.912266 0.164670 0.726804 -0.502523 0.831986 1.571306 -0.670355 -0.591472 -0.103986 0.268084 0.100830 -0.016121 0.266946 0.385830 -0.009258 0.422094 -0.191166 0.496497 -0.103903 -0.197166 -0.129052 -0.674224 0.278484 0.052268 0.049295
k+hu 0.029542 0.696930 -0.228780 0.091040 -0.455503 -0.461149 0.072188 -0.577278 0.200777 -0.036860 -0.512236 -0.601919 0.012784 0.277835 -0.840900 0.081238 0.395903 0.269860 -0.022632 -0.152474 -0.151189 0.233586 0.194619 -1.096062 0.079105
qub+pl 0.458701 -0.118003 0.197833 -0.184019 0.105559 -0.084882 0.337358 0.101011 0.350553 0.393985 0.243970 0.052773 -0.046410 0.497133 -0.056949 0.065610 -0.221281 0.538726 0.419731 -0.345772 -0.529204 -0.170374 -0.213795 -0.164800 0.359576
mid+sv 0.196301 0.127440 0.067901 0.257283 -0.066380 -0.149594 0.604795 -0.007367 0.258001 0.099424 0.034835 -0.424828 0.198007 0.993111 -0.512844 -0.050207 0.260751 0.924951 0.526142 -0.211857 -0.736935 -0.034952 -0.373578 -0.666757 0.655999
fin+pl 0.398966 -0.108474 0.132863 -0.109368 -0.073469 -0.127005 0.232860 0.217414 0.408387 0.333869 0.291121 -0.017152 -0.078845 0.593889 -0.080828 0.192298 -0.190095 0.620259 0.294813 -0.323037 -0.533704 -0.056214 -0.119810 -0.153515 0.492405
vafin+de 0.825129 0.288519 0.114417 -0.431998 0.033178 0.350194 -0.403282 0.169681 0.317983 -0.141887 -0.989420 -0.542559 -0.410537 -0.309235 -0.976627 -0.374408 0.210854 0.364310 -0.051874 -0.231940 0.142512 -0.026931 0.569322 -0.557213 -0.361845
kon+de 0.453983 0.263744 -0.501996 -0.521685 -0.220101 0.599899 -0.021320 -0.099014 0.038286 -0.401803 -0.941107 -0.740887 0.023478 -0.486649 -0.998706 -0.602857 0.595165 -0.001740 -0.028132 -0.319922 -0.124566 0.134339 0.087258 -0.524541 -0.662805
vvpp+de 0.951622 0.390633 0.151128 -0.599381 0.447343 0.826973 -0.296922 0.260393 -0.109468 -0.108788 -0.813868 -0.653628 -0.311469 -0.001190 -1.103246 -0.408294 0.494872 0.532863 0.346100 0.137885 0.061597 -0.219819 0.767997 -0.910490 -0.054503
adv+pl 0.377576 -0.104488 0.148150 -0.180561 0.032181 -0.084126 0.232731 0.124686 0.326437 0.318705 0.184987 0.015841 -0.066494 0.443837 -0.074449 0.120350 -0.166541 0.492235 0.298696 -0.365012 -0.429938 -0.113198 -0.116572 -0.136454 0.298979
s+hu 0.131819 0.615953 -0.348438 0.159960 -0.573843 -0.396384 -0.245391 -0.419541 0.269315 -0.209783 -0.641229 -0.712873 -0.029910 0.036317 -0.914695 -0.012722 0.380254 0.089086 -0.148714 -0.079751 0.039989 0.427084 0.331871 -0.849263 -0.066738
cls+fr 0.793831 0.118751 0.511571 -0.253439 0.187895 0.859216 0.129189 -0.445979 0.119682 0.138346 -0.520259 -0.186403 0.037069 0.405132 -1.254888 0.373612 0.198341 1.395101 -0.382972 -1.332301 -1.046526 -0.148547 -0.492381 -0.108209 -0.664469
x -0.557950 0.585395 -0.023075 -0.920017 0.274353 -0.865880 0.363728 0.240678 -0.386218 0.343327 0.381915 -0.185936 -1.116907 1.010991 -0.420046 0.356260 0.371271 1.218313 -0.272300 0.124795 0.283501 0.056226 0.223037 -0.482088 0.452464
adjd+de 0.446311 0.448989 0.043436 -0.081423 0.033746 0.440128 -0.155439 -0.185583 0.084740 -0.031708 -0.862541 -0.467404 -0.094454 0.047061 -1.135195 -0.212704 0.293289 0.577757 0.094179 -0.274008 -0.122603 0.016253 0.202468 -0.821046 -0.238247
apprart+de 0.522977 0.057628 -0.882755 -0.614953 -0.254935 0.934025 -0.022963 -0.173137 0.000464 -0.590157 -1.020474 -1.061143 0.393199 -0.266282 -0.703012 -0.810567 0.535018 0.022075 0.113316 -0.107828 -0.137449 0.455169 -0.195290 -0.198516 -0.581829
prorel+fr 0.109416 -0.064694 0.272374 -0.438707 0.247041 0.773020 0.337742 0.165391 -0.234632 0.058394 -0.249900 0.079919 -0.246577 -0.077628 -0.863626 0.134508 0.656294 0.653062 -0.280132 -1.066028 -0.746030 -0.492808 -0.282362 -0.169526 -0.730002
card+de 0.447754 0.267193 -0.442556 -0.008023 -0.338718 0.701144 -0.302668 -0.499653 0.211441 -0.361328 -1.035667 -0.718688 0.342798 -0.169249 -0.967417 -0.384963 0.247377 0.367385 -0.175391 -0.374055 -0.053736 0.390513 -0.234567 -0.365338 -0.562385
pper+de -0.293456 0.588439 0.015664 0.008251 -0.037057 0.213500 0.465531 -0.489516 -0.130068 0.204201 -0.832196 -0.156079 0.107423 0.154432 -1.036921 -0.040951 0.522761 0.500609 0.145074 -0.597474 -0.319565 -0.284448 -0.224218 -1.429775 -0.343840
rg+sv 0.240322 0.109902 0.020095 0.191044 -0.261557 -0.527980 0.424285 -0.107929 0.385743 0.083300 0.024559 -0.356474 0.048547 0.799465 -0.348514 0.122732 -0.003132 0.822099 0.149300 -0.247258 -0.486208 0.139461 -0.339095 -0.444047 0.485776
cs+fr 0.365673 -0.103409 0.478855 -0.421584 0.543363 0.961165 -0.007267 0.194765 -0.189004 0.119952 -0.071274 0.333765 -0.135523 -0.548557 -0.339963 0.057614 0.455893 -0.172650 -0.061201 -0.591101 -0.371559 -0.909949 0.233941 -0.244399 -0.518686
vvinf+de 1.332339 0.122987 0.450001 -0.026316 0.336547 0.568091 -0.109079 0.245234 -0.174263 -0.469069 -0.889479 -0.570269 0.038312 -0.034603 -0.972583 -0.347987 0.464556 0.236961 0.241101 -0.059761 -0.221173 -0.559768 0.546687 -0.852982 -0.327498
conj+pl 0.345433 -0.080132 0.061849 -0.076889 -0.029969 -0.034079 0.117355 0.107643 0.298260 0.269802 0.257666 -0.056397 0.023596 0.436953 -0.023866 0.141146 -0.134259 0.390350 0.261058 -0.259794 -0.431012 -0.041868 -0.071602 -0.059976 0.349412
pc+sv 0.167765 0.028589 0.049704 0.102806 -0.193236 -0.529992 0.388169 0.007155 0.322842 0.114621 0.027280 -0.264326 0.009223 0.758584 -0.241269 0.164551 0.001522 0.754773 0.158936 -0.308315 -0.459274 0.122297 -0.308350 -0.361311 0.406083
pm+sv 0.267437 0.086015 0.160366 -0.167674 -0.104942 -0.390341 0.421389 -0.175259 0.393315 0.314991 -0.115737 -0.198579 0.125946 0.712796 -0.182168 0.299961 -0.050551 0.695686 0.195572 -0.563720 -0.529267 -0.164461 -0.225410 -0.623417 0.327551
sn+sv 0.364575 -0.123044 0.148402 0.088919 -0.088352 -0.219504 0.472058 0.170680 0.309316 -0.076545 -0.071096 -0.223940 -0.144280 0.788238 -0.259081 -0.202638 -0.013538 0.690833 0.157231 -0.149131 -0.376102 -0.099698 -0.411563 -0.409849 0.317142
hp+sv 0.066236 -0.184964 0.151330 0.092862 0.062713 -0.277214 0.540513 0.294812 0.131309 0.036709 -0.278933 -0.107573 -0.070615 0.737805 -0.200933 -0.171334 0.053224 0.691573 0.361292 -0.225247 -0.264661 -0.146212 -0.416512 -0.527747 0.214244
pro+fr 0.305642 0.463782 0.146510 -0.788325 0.592311 0.837720 -0.278666 -0.473825 -0.211560 0.364109 -0.043576 -0.234137 -0.227403 0.204287 -0.775050 0.289319 0.405371 0.640580 -0.047863 -0.501283 -0.337629 -0.196203 0.191365 -0.259428 -0.328676
clr+fr 0.495884 0.063466 0.525548 -0.310803 0.471133 0.716439 0.635883 -0.218260 -0.357896 0.039096 -0.218377 -0.015596 0.136923 0.429880 -0.743820 0.116586 0.305508 0.937663 -0.018454 -0.685627 -0.873601 -0.492031 -0.460317 -0.209741 -0.383822
ie+sv -0.123758 -0.026279 0.050030 -0.040212 0.078509 -0.626987 0.567070 0.028230 0.086041 0.175623 -0.457107 -0.134243 -0.000065 0.690520 -0.057955 -0.013348 0.033217 0.517616 0.348477 -0.320530 -0.131824 -0.130682 -0.292760 -0.731968 0.115478
vmfin+de 0.578662 0.273468 -0.061853 -0.574645 0.092658 0.525367 -0.219193 0.031355 0.165043 -0.073676 -0.807296 -0.492522 -0.303756 -0.193173 -0.805699 -0.384441 0.276075 0.322237 0.059188 -0.213523 0.065135 -0.017125 0.360826 -0.518472 -0.364472
pad+sv 0.168097 0.029976 -0.079961 0.101280 -0.210486 -0.277082 0.340701 0.044474 0.372928 0.126214 -0.044949 -0.307197 0.110559 0.571775 -0.244727 0.007614 0.021353 0.567964 0.271823 -0.212102 -0.425845 0.108946 -0.172918 -0.470771 0.453471
inf+pl 0.234393 -0.067746 0.082037 -0.110900 -0.009849 -0.063918 0.156125 0.067785 0.235531 0.220503 0.107506 -0.037611 -0.052392 0.336873 -0.051503 0.066878 -0.088259 0.362955 0.158752 -0.217024 -0.296968 -0.083391 -0.107716 -0.130675 0.214064
ppron3+pl 0.227352 -0.034608 0.069750 -0.076711 -0.021707 -0.100723 0.210223 0.039217 0.182205 0.189485 0.119499 -0.012394 -0.006460 0.270483 -0.052140 0.056121 -0.078386 0.313960 0.175368 -0.185721 -0.325126 -0.068522 -0.113303 -0.135725 0.204169
kous+de 0.509135 0.105252 0.193902 -0.609927 -0.098960 0.592864 -0.437274 -0.047093 0.268690 -0.282935 -0.999094 -0.431464 -0.283267 -0.255489 -0.423413 -0.066411 0.339471 0.098072 -0.664915 -0.625788 0.342751 -0.440245 0.439403 -0.787513 -0.526750
comp+pl 0.233279 -0.040326 0.067257 -0.127531 -0.053855 -0.067442 0.058131 0.077667 0.201682 0.158237 0.106122 -0.048994 -0.063820 0.261151 -0.055089 0.123094 -0.118916 0.358456 0.056232 -0.223880 -0.252109 -0.002055 -0.061641 -0.026932 0.178050
clo+fr 0.539373 0.157433 0.562676 -0.190538 0.375249 0.644401 0.455567 -0.277886 -0.222012 0.021330 -0.300729 -0.014372 0.149755 0.351273 -0.780261 0.162737 0.231614 0.886846 -0.062407 -0.667122 -0.780431 -0.473518 -0.357554 -0.362826 -0.339427
et+fr -0.463867 0.366888 -0.183072 -1.457382 0.794400 -0.085977 0.392906 0.227671 -0.691574 0.484997 0.478349 -0.135119 -0.825935 0.378095 -0.255782 0.166468 0.719486 0.511554 0.194054 -0.041901 -0.083068 -0.188924 0.245129 -0.035757 -0.112818
piat+de 0.345823 0.209007 -0.460420 -0.269274 -0.148399 0.722669 -0.309503 -0.360006 0.057780 -0.312061 -0.729102 -0.688806 0.240179 -0.069583 -0.662395 -0.297485 0.345545 0.183616 -0.099496 -0.213851 -0.018273 0.277715 -0.054608 -0.238320 -0.412792
pposat+de 0.590740 0.244338 -0.429734 -0.227270 -0.186560 0.648241 -0.071674 -0.538854 -0.112928 -0.619572 -0.774177 -0.961075 0.495383 0.092352 -0.593161 -0.376945 0.348246 0.227559 -0.162404 0.065602 -0.050892 0.269150 -0.121756 -0.193484 -0.359701
prels+de 0.477933 0.329226 0.129455 -0.374865 -0.143536 0.517050 -0.611659 -0.567791 0.234506 -0.272415 -0.876983 -0.526271 -0.066395 -0.070357 -0.490764 0.170553 0.283741 0.100172 -0.793743 -0.535423 0.329638 -0.315303 0.360335 -0.765684 -0.501437
pl+sv 0.072103 0.006009 0.100050 -0.027641 0.013796 -0.382780 0.389935 -0.001510 0.136821 0.136151 -0.198086 -0.143268 -0.042368 0.577100 -0.128798 0.035332 0.000076 0.477304 0.246688 -0.253506 -0.212285 -0.109894 -0.182293 -0.537770 0.174700
vpr+fr 0.348841 0.129390 0.189314 -0.679864 0.640259 0.835155 -0.214821 -0.237386 -0.316959 0.235324 0.406317 0.036893 -0.082710 -0.004819 -0.101012 0.177162 0.221119 0.103723 0.043790 -0.096667 -0.207338 -0.348566 0.216373 0.289435 -0.168128
ptkvz+de 0.877043 0.145197 0.112296 -0.259376 0.101193 0.594157 -0.202762 -0.040290 -0.079177 -0.438401 -0.693682 -0.560336 0.049401 -0.316581 -0.648198 -0.314190 0.433003 -0.111248 -0.027916 -0.041805 0.005376 -0.314501 0.433471 -0.458612 -0.383171
ha+sv 0.204724 -0.039974 0.099244 0.048158 -0.064557 -0.081135 0.366854 0.068105 0.178597 -0.042618 -0.028402 -0.187266 -0.043555 0.553667 -0.227242 -0.145050 0.030664 0.525488 0.155773 -0.132480 -0.299580 -0.059006 -0.304843 -0.335922 0.234702
:+hu -0.000073 0.461974 -0.115222 0.271131 -0.317718 -0.262235 0.006702 -0.345800 0.156164 -0.074886 -0.503863 -0.397457 0.058680 0.052630 -0.737189 -0.047359 0.289774 0.181399 0.006304 -0.130921 -0.046001 0.120066 0.135014 -0.832993 -0.027934
prf+de -0.099825 0.472348 -0.055991 -0.075810 -0.099980 0.215204 0.160407 -0.395384 -0.038013 0.025364 -0.667658 -0.271693 0.027407 0.008368 -0.888134 -0.044329 0.436478 0.271559 -0.023992 -0.401119 -0.151600 -0.124224 0.020578 -0.977581 -0.292800
ppas+pl 0.168320 -0.006433 0.063914 -0.065826 -0.039418 -0.118764 0.152957 0.003411 0.140703 0.134803 0.132442 -0.033939 -0.023131 0.224050 -0.087049 0.082575 -0.046171 0.261754 0.125176 -0.145748 -0.257400 -0.023372 -0.069448 -0.088874 0.194849
ps+sv 0.034907 0.115880 -0.100050 0.122076 -0.160049 -0.323306 0.283346 -0.094275 0.212115 0.000533 -0.212801 -0.364786 0.124351 0.553247 -0.283278 0.018269 0.073740 0.501336 0.150078 -0.197287 -0.228304 0.091885 -0.199984 -0.444564 0.249427
ptkneg+de 0.325070 0.198289 -0.114360 -0.243395 0.046260 0.323125 -0.107249 -0.006814 0.071049 -0.004837 -0.777913 -0.357888 -0.069220 -0.151686 -0.763332 -0.268294 0.326840 0.200940 0.225985 -0.328408 -0.085435 -0.026693 0.211465 -0.667169 -0.353787
num+pl 0.154563 -0.000637 0.036301 -0.043871 -0.027473 -0.051663 0.148556 0.014946 0.152051 0.119248 0.120575 -0.037664 0.013613 0.246955 -0.042994 0.073318 -0.053107 0.248802 0.125570 -0.109025 -0.267310 -0.036845 -0.057715 -0.063157 0.192864
pis+de 0.108717 0.495568 -0.048598 -0.046305 -0.128250 0.233350 -0.064918 -0.425281 0.008349 -0.106040 -0.642011 -0.406172 0.019560 0.035136 -0.860213 -0.035748 0.403703 0.301559 -0.170974 -0.314476 -0.064439 -0.017023 0.105771 -0.846867 -0.288063
proav+de 0.068955 0.288555 -0.026968 -0.111081 -0.065705 0.200646 0.041392 -0.067870 0.054695 0.021520 -0.737476 -0.273087 -0.065624 -0.096577 -0.864566 -0.158304 0.439695 0.216539 0.058892 -0.400996 -0.140310 -0.152246 0.100756 -0.888443 -0.325075
ptkzu+de 0.615337 0.411767 -0.161672 -0.744524 0.358868 0.559024 0.413311 -0.110339 -0.283838 -0.066980 -0.351767 -0.495401 -0.151327 -0.282756 -1.013481 -0.585244 0.508187 0.250803 0.462921 0.112931 -0.491063 0.031779 0.111116 -0.207807 -0.395049
aglt+pl 0.180576 -0.040219 0.068744 -0.083901 0.040255 -0.019329 0.100247 -0.000076 0.130159 0.139858 0.095179 -0.006834 -0.017292 0.203301 -0.043594 0.054057 -0.075652 0.211601 0.129821 -0.181252 -0.240924 -0.085254 -0.096280 -0.061868 0.091926
ger+pl 0.132221 -0.000259 0.016403 -0.025139 -0.074197 -0.123859 0.183073 0.010248 0.130881 0.095912 0.100413 -0.033001 -0.016361 0.189878 -0.039085 0.063826 -0.035486 0.231893 0.100885 -0.120383 -0.228036 -0.005540 -0.069656 -0.077576 0.180252
pds+de 0.048810 0.302145 -0.025709 -0.118178 -0.067044 0.254924 0.102795 -0.229949 0.006891 0.008536 -0.525294 -0.220559 -0.014118 -0.076182 -0.712177 -0.089767 0.342667 0.209923 -0.010948 -0.388703 -0.192369 -0.081776 -0.027015 -0.686114 -0.322906
x+hu -0.016314 0.363865 -0.163485 0.033485 -0.250006 -0.215722 -0.020060 -0.291772 -0.008507 -0.148996 -0.297246 -0.405406 -0.020239 0.120896 -0.528695 0.034323 0.295211 0.154509 -0.144077 -0.067909 -0.019491 0.185668 0.039935 -0.473251 -0.097739
vainf+de 0.596201 0.371617 0.292969 0.003098 0.198953 0.199121 -0.209174 -0.088817 -0.111084 -0.164148 -0.505446 -0.356927 -0.133156 -0.094203 -0.843400 -0.057939 0.428874 0.063026 0.075219 0.038114 0.017872 -0.359216 0.585149 -0.773355 -0.120320
pred+pl 0.154852 -0.015251 0.027903 -0.104273 0.001318 -0.008876 0.080259 0.020270 0.107830 0.110384 0.054067 -0.025419 -0.013549 0.203445 -0.088454 0.026992 -0.027772 0.206597 0.111858 -0.148595 -0.174304 -0.031403 -0.049387 -0.074905 0.083592
ppron12+pl 0.099602 -0.011992 0.028371 -0.072109 -0.000440 -0.049988 0.109793 0.011921 0.088236 0.085302 0.018242 -0.036557 -0.030215 0.140707 -0.063875 0.033778 -0.034447 0.176228 0.072245 -0.097994 -0.168620 -0.030069 -0.042560 -0.102219 0.088687
pdat+de 0.382693 0.044257 -0.337810 -0.158026 -0.018894 0.617438 -0.165329 -0.187883 -0.061122 -0.325481 -0.585975 -0.599205 0.361219 0.041503 -0.424187 -0.301986 0.251021 0.154729 0.026818 -0.051706 -0.071422 0.187366 -0.069539 -0.098451 -0.270366
kokom+de 0.132859 0.247831 -0.157282 -0.336895 -0.048710 0.344302 -0.118686 -0.142760 0.082536 -0.011661 -0.524975 -0.294099 -0.135155 -0.192212 -0.631539 -0.158860 0.290847 0.192704 -0.077083 -0.327859 -0.059312 0.037431 0.092014 -0.388369 -0.377675
pwav+de 0.236256 0.188258 -0.009762 -0.310957 -0.053408 0.354440 -0.309863 -0.096554 0.155315 -0.069303 -0.574003 -0.259998 -0.166701 -0.194105 -0.487780 -0.031250 0.265759 0.044305 -0.240001 -0.385260 0.112443 -0.129920 0.292339 -0.508625 -0.347582
vapp+de 0.367146 0.377060 0.139786 -0.097603 0.158782 0.226438 -0.136313 -0.140296 -0.113773 -0.098651 -0.285215 -0.283746 -0.165097 -0.120538 -0.700213 -0.108639 0.374138 0.033019 0.078693 0.053181 -0.017021 -0.212907 0.448307 -0.571502 -0.089617
vvizu+de 0.585796 0.172819 0.009854 -0.265041 0.114444 0.493033 -0.146207 -0.100105 -0.062583 -0.274200 -0.352968 -0.415405 -0.024107 -0.140235 -0.535152 -0.183997 0.330650 0.079428 -0.059119 -0.038201 -0.092726 -0.122496 0.256344 -0.197591 -0.258240
pact+pl 0.069964 -0.006323 0.019957 -0.021933 -0.025433 -0.021937 0.042394 0.001734 0.058474 0.053006 0.051585 -0.032706 0.000599 0.080120 -0.067920 0.019270 -0.022888 0.126740 0.052230 -0.074791 -0.097238 -0.018522 -0.006034 -0.045350 0.079812
brev+pl 0.079474 -0.009993 0.011641 -0.025465 -0.019202 -0.021021 0.036387 0.023850 0.088060 0.054581 0.006257 -0.020278 -0.027342 0.081504 -0.085079 0.060085 -0.011446 0.141721 0.030218 -0.087061 -0.115101 -0.015361 -0.000466 -0.069233 0.071415
bedzie+pl 0.096936 -0.009458 0.034430 -0.058365 0.018283 0.031639 0.057184 -0.011955 0.048810 0.039754 0.033773 -0.013098 -0.013932 0.096948 -0.057885 0.033197 -0.001425 0.094357 0.030937 -0.083095 -0.104943 -0.028678 -0.022513 -0.054949 0.025357
?+hu 0.052590 0.180075 -0.084418 0.067793 -0.142199 -0.044979 -0.035645 -0.133747 0.043159 -0.096210 -0.269883 -0.261409 0.046488 0.025926 -0.299107 -0.082883 0.143900 0.031599 0.020361 0.016627 0.044598 0.072208 0.082752 -0.347430 -0.019732
imps+pl 0.062535 -0.004410 0.006593 -0.036956 -0.009180 0.003118 0.061311 -0.006251 0.065135 0.044777 0.010263 -0.012276 -0.000673 0.075859 -0.039965 0.016215 -0.006320 0.096436 0.044528 -0.071727 -0.078038 -0.026945 -0.019929 -0.049806 0.058588
vs+fr 0.292174 -0.039151 0.229327 -0.304807 0.373470 0.657905 0.075552 0.024616 -0.217341 0.017949 0.114783 0.090763 0.044531 -0.156613 -0.145602 -0.010227 0.191291 0.053553 0.084120 -0.160341 -0.303276 -0.366190 0.030809 0.113754 -0.186320
o+hu -0.017362 0.192401 -0.093549 0.033020 -0.178322 -0.133261 0.036226 -0.163697 0.035507 -0.106254 -0.230825 -0.253379 -0.036472 0.098560 -0.345043 -0.009889 0.173006 0.145214 -0.106434 -0.108072 -0.022115 0.116963 -0.016215 -0.326519 -0.083929
trunc+de 0.099263 0.272083 -0.091827 -0.308832 -0.125717 0.174317 -0.064433 -0.200537 0.027746 -0.093796 -0.184997 -0.276481 -0.280947 -0.048583 -0.647779 -0.017253 0.264354 0.318842 -0.368962 -0.177118 -0.081678 0.167482 0.072336 -0.152035 -0.262413
xy+de 0.044826 0.243970 -0.006531 -0.158091 -0.027141 0.099266 0.159135 0.010904 -0.125326 -0.095533 -0.141218 -0.144630 -0.176160 -0.056114 -0.524975 -0.091023 0.288241 0.286899 -0.140337 -0.085100 -0.149429 0.012988 0.053352 -0.197568 -0.138856
ro+sv 0.056233 0.056223 -0.054921 0.042217 -0.100509 -0.067963 0.083215 -0.019971 0.087543 -0.023570 -0.076487 -0.178011 0.039834 0.215538 -0.174976 0.007348 0.088735 0.256613 0.037695 -0.102683 -0.135317 0.068802 -0.062095 -0.157826 0.098470
impt+pl 0.041525 0.003651 0.007262 -0.025509 0.003219 -0.014513 0.053153 0.016770 0.028080 0.012527 -0.003243 -0.027689 -0.011739 0.073546 -0.033824 -0.003158 0.009073 0.080839 0.036865 -0.045234 -0.065024 -0.010752 -0.026425 -0.059818 0.014680
pref+fr -0.004887 -0.037160 0.089178 -0.305191 0.309276 0.507120 0.066224 0.048581 -0.235731 0.128432 0.413469 0.161817 -0.050430 -0.114988 -0.073379 0.074255 0.212335 0.016204 0.028422 -0.096228 -0.319456 -0.221139 -0.065945 0.298322 -0.094606
siebie+pl 0.039212 0.014432 -0.003226 -0.018620 -0.043405 -0.023086 0.057740 -0.003572 0.031478 0.035855 0.012970 -0.028119 0.001131 0.054729 -0.018619 0.023033 -0.006876 0.101436 0.006603 -0.030853 -0.057236 0.011306 -0.017772 -0.034835 0.046829
koui+de 0.130508 0.147712 -0.014105 -0.282706 0.009990 0.384688 -0.191674 -0.147663 0.019555 -0.033004 -0.153685 -0.151134 -0.125349 -0.200890 -0.352970 -0.013643 0.246092 -0.013672 -0.200065 -0.216966 -0.017583 -0.086328 0.168162 -0.168358 -0.248600
z+hu 0.014015 0.227201 -0.094601 -0.027982 -0.080080 -0.030392 0.018473 -0.186908 -0.002129 -0.034867 -0.144654 -0.184643 -0.021624 0.064941 -0.275716 -0.012168 0.135511 0.088595 -0.038457 -0.017762 -0.044558 0.046066 0.052277 -0.265359 -0.015687
i+hu 0.079612 0.124539 -0.031439 0.001717 -0.140616 -0.080852 0.018184 -0.125085 0.031264 -0.082526 -0.207801 -0.197858 -0.015994 0.057446 -0.240985 -0.016250 0.116861 0.094280 -0.089387 -0.071365 -0.007297 0.023206 0.034411 -0.280148 -0.035402
pws+de 0.119540 0.135313 -0.014997 -0.159529 0.031082 0.220109 -0.039966 -0.093028 -0.029676 -0.043863 -0.183820 -0.116051 -0.039598 -0.053743 -0.316638 -0.010798 0.163640 0.073195 -0.083491 -0.165836 -0.046416 -0.059075 0.049254 -0.199508 -0.161373
hd+sv 0.011140 0.054689 -0.019369 0.048755 -0.066726 -0.052477 0.067835 -0.022576 0.039665 -0.015617 -0.077067 -0.108458 0.036476 0.126612 -0.118243 0.001385 0.040951 0.141135 0.038504 -0.050683 -0.042215 0.009017 -0.028629 -0.115320 0.050959
vminf+de 0.267484 0.167467 0.083372 -0.281432 0.128977 0.247272 0.094868 -0.097249 -0.083821 -0.042371 -0.159757 -0.134570 -0.085488 -0.118687 -0.401984 -0.105692 0.211383 0.094176 0.014856 -0.068270 -0.141256 -0.172716 0.084171 -0.160138 -0.187667
;+hu 0.039115 0.112316 -0.046665 0.021100 -0.070677 -0.015487 -0.049779 -0.055755 0.002986 -0.049318 -0.131907 -0.142251 -0.005584 0.002274 -0.181079 -0.035532 0.101479 0.035777 -0.006229 0.009177 0.004341 0.032359 0.036344 -0.172876 -0.038856
uo+sv 0.050148 0.105671 -0.008021 -0.108252 -0.017628 0.001299 0.107798 -0.076714 0.021839 0.008632 -0.044097 -0.111353 -0.001294 0.104700 -0.166777 -0.002207 0.065604 0.152362 0.045022 -0.059685 -0.087696 -0.042045 -0.013265 -0.212014 0.055772
advwh+fr 0.119430 0.016921 0.119955 -0.247349 0.204285 0.348515 0.038514 -0.064132 -0.125737 0.107030 0.157678 0.081689 -0.036174 0.029142 -0.131557 0.081366 0.110232 0.164991 -0.022515 -0.158757 -0.232431 -0.120850 -0.057084 0.154726 -0.090380
appo+de 0.094711 0.048977 -0.054440 -0.144461 0.031721 0.185603 0.001147 -0.021921 -0.045537 -0.012205 -0.166917 -0.139736 -0.016618 -0.032633 -0.219101 -0.043634 0.151838 0.085941 0.042012 -0.098827 -0.062108 -0.015534 0.020928 -0.118791 -0.134285
!+hu -0.002548 0.036686 -0.011005 0.027578 -0.012981 -0.028956 0.010435 -0.002591 0.020075 0.001104 -0.049224 -0.013271 0.000545 0.017483 -0.049997 -0.023795 0.040875 0.017292 -0.002396 -0.007735 0.022017 -0.004204 -0.008608 -0.062615 -0.012051
fm+de 0.066728 0.078146 0.004738 -0.209190 0.077713 0.228579 0.083489 -0.033460 -0.103362 -0.005058 -0.011502 -0.079375 -0.057278 -0.019094 -0.251649 -0.050988 0.162386 0.153068 -0.013938 -0.138030 -0.162175 -0.063969 -0.044078 -0.051550 -0.141566
prowh+fr 0.088777 0.019501 0.078627 -0.121769 0.147712 0.249389 0.048134 -0.023896 -0.128591 0.023703 0.036609 0.003265 0.029872 0.002182 -0.139925 -0.009112 0.097307 0.083219 0.009216 -0.093007 -0.163478 -0.121453 -0.038932 0.027535 -0.095111
vimp+fr 0.031281 0.035215 0.037911 -0.148541 0.133538 0.164388 -0.025253 -0.061803 -0.076652 0.074994 0.126578 0.020241 -0.072515 -0.017254 -0.082579 0.068453 0.075135 0.050729 -0.021765 -0.079930 -0.088286 -0.076449 0.019160 0.056337 -0.073075
winien+pl 0.010610 0.010027 0.006989 -0.032216 -0.001081 0.014580 0.019269 -0.021875 0.014699 0.027023 0.021706 0.011225 -0.016009 0.014139 0.000948 0.017445 0.004040 0.041212 0.031876 -0.000789 -0.013648 -0.022113 -0.025806 -0.020662 -0.008346
ptka+de 0.079206 0.052463 -0.037447 -0.070003 0.020427 0.092671 -0.003510 -0.014118 -0.009603 -0.018088 -0.120237 -0.120617 0.001579 -0.024228 -0.142210 -0.065494 0.097192 0.051478 0.012186 -0.042183 -0.030244 -0.000997 0.011232 -0.080040 -0.058337
p+pro+fr 0.068340 0.064452 0.049590 -0.221158 0.175592 0.226115 0.021026 -0.040786 -0.106168 0.081366 0.088058 0.013203 -0.067221 -0.024145 -0.178299 0.043260 0.125165 0.117617 -0.009581 -0.141835 -0.164410 -0.096112 0.002932 0.042424 -0.111049
prelat+de 0.162119 0.059651 -0.029740 -0.138600 0.034244 0.236840 -0.069792 -0.098174 -0.040098 -0.086088 -0.133298 -0.168022 0.042890 -0.031658 -0.185711 -0.050383 0.132268 0.053070 -0.062372 -0.068811 -0.054005 -0.041571 0.021092 -0.070807 -0.106966
apzr+de 0.086951 0.107969 -0.043512 -0.134439 0.000372 0.187276 -0.027658 -0.043691 -0.008803 -0.023252 -0.125214 -0.098447 -0.030318 -0.046394 -0.286305 -0.067919 0.132162 0.086903 -0.026559 -0.071794 -0.081077 0.001705 0.017255 -0.103771 -0.125004
vvimp+de 0.127349 0.082753 -0.030610 -0.117768 0.012953 0.190107 -0.018437 -0.049140 -0.031535 -0.044553 -0.141782 -0.105411 -0.020532 -0.042867 -0.268576 -0.057039 0.130194 0.082414 -0.030522 -0.097998 -0.071345 -0.013233 0.021615 -0.097573 -0.109494
pwat+de 0.073341 0.052944 -0.041113 -0.113259 0.017349 0.200335 -0.055908 -0.042904 -0.002798 -0.020262 -0.076986 -0.094562 0.021210 -0.028044 -0.145128 -0.060410 0.074771 0.024374 -0.006355 -0.046670 -0.055734 0.014846 0.020278 -0.025082 -0.084657
adja+pl -0.004960 -0.006543 0.006066 -0.013688 -0.004026 -0.002472 0.015219 -0.001115 0.001861 0.014203 -0.007631 -0.005720 -0.010890 0.015519 0.006075 0.003982 0.011192 0.015489 0.007914 -0.025690 -0.015595 0.017828 0.004360 0.006650 0.006697
in+sv 0.034674 0.019981 0.022476 -0.018922 -0.026846 -0.023495 0.015202 -0.020175 0.019118 0.017198 -0.036471 -0.022650 -0.008506 0.045774 -0.047656 -0.008433 0.018646 0.047317 0.016031 -0.032769 -0.014684 0.008816 -0.015100 -0.068949 0.016952
adjp+pl 0.007401 0.006638 0.006762 -0.025648 0.014393 -0.012735 0.008528 0.014024 0.010743 0.005635 0.001574 -0.016941 -0.000197 0.022613 -0.007710 0.010386 0.001116 0.034310 0.022104 -0.030012 -0.025387 -0.020437 -0.017087 -0.004757 -0.009720
y+hu 0.017666 0.037710 -0.025410 -0.009631 -0.035650 -0.010653 -0.013444 -0.039206 -0.000948 -0.008549 -0.012635 -0.022741 -0.018561 -0.018534 -0.107821 0.032137 0.034416 0.021068 -0.042031 -0.020611 -0.015479 0.014998 0.004715 -0.053804 -0.049852
ptkant+de 0.064765 0.024579 0.009762 -0.040404 0.015216 0.067458 -0.001080 -0.018942 -0.006140 -0.002977 -0.010008 -0.022638 0.002576 -0.023977 -0.026584 0.008443 0.035824 0.012284 -0.003862 -0.001483 -0.019890 -0.029394 0.045171 -0.018610 -0.032729
hs+sv 0.030471 0.016976 -0.010763 0.013706 -0.005705 0.017797 0.018736 -0.006095 0.036997 0.001459 -0.008273 -0.043863 0.008281 0.082248 -0.070916 0.009042 0.043337 0.054574 0.002465 -0.047938 -0.035471 -0.018065 -0.005158 -0.059499 0.036013
adjwh+fr 0.060065 0.043537 0.072965 -0.167172 0.137075 0.215112 0.060626 -0.038828 -0.081352 0.044874 0.052525 0.005580 -0.033928 0.015392 -0.127988 0.023217 0.085194 0.097626 0.011108 -0.098983 -0.147475 -0.072062 -0.023964 0.024922 -0.058841
i+fr -0.014436 0.039017 -0.002409 -0.089866 0.056179 0.054850 -0.029624 -0.008398 -0.027838 0.064218 0.042697 0.016668 -0.028229 0.000805 -0.066675 0.047423 0.046912 0.043414 -0.022212 -0.035485 -0.043752 0.003412 0.018512 0.022692 -0.017819
detwh+fr -0.008976 0.016990 -0.004520 -0.000285 -0.009822 0.015399 -0.004669 -0.008097 0.008704 -0.012365 -0.015272 0.013480 0.009765 0.003621 -0.010284 0.004930 0.005534 -0.006897 -0.017300 0.015222 -0.001602 0.010555 -0.009844 0.003655 -0.002848
itj+de 0.018475 0.016497 0.008183 -0.035010 0.001521 0.034930 -0.003870 0.008410 -0.015487 -0.004075 -0.036405 -0.013034 0.013786 -0.019975 -0.028799 -0.020906 0.003236 0.002990 0.026342 -0.002460 -0.023600 0.007633 0.023966 -0.018871 -0.024660
pposs+de -0.003202 0.004111 0.008774 0.014292 0.007244 -0.010521 0.017029 0.011248 -0.007705 -0.007801 0.015247 -0.014957 0.005338 -0.008891 0.013088 -0.005419 0.009335 -0.012303 -0.000742 0.012144 -0.004120 -0.013537 0.005959 0.010133 -0.008792
depr+pl -0.001946 0.016018 0.014879 0.008288 0.003636 0.012695 0.016306 -0.019900 -0.004111 0.002456 0.009357 -0.016501 -0.004010 -0.008815 -0.003060 -0.000081 0.006401 -0.000151 0.004819 0.003298 -0.002867 -0.019801 -0.012219 -0.007192 -0.014121
adjc+pl -0.005956 0.015345 -0.012381 0.016491 0.019227 -0.007642 0.015331 0.013842 -0.002283 -0.004861 -0.009925 0.018879 -0.009852 0.018427 -0.004151 0.017404 0.013793 -0.011649 0.003816 0.005300 -0.004984 -0.020449 -0.007378 0.011742 -0.017394
-+hu -0.013809 0.004861 -0.009907 -0.011862 0.000368 0.000984 0.020469 -0.030035 0.003246 -0.016127 -0.013484 -0.020136 -0.013681 -0.004216 -0.023339 -0.002262 0.017420 -0.004027 0.001984 0.013123 0.004151 0.001591 0.016141 -0.013185 -0.003794
