153 50
noun 0.286889 -0.369586 0.685807 -0.377050 -0.321461 -0.312055 0.040023 0.127717 0.630272 -0.259745 -0.176857 0.313586 0.435923 -0.542943 -0.146021 0.280124 0.032656 0.647451 -0.309531 0.385897 0.686023 0.209523 0.864147 -0.095551 0.788649 0.015453 -0.622379 0.793603 0.025533 0.540784 0.505863 0.125849 0.852999 0.184106 0.588315 -0.645808 0.792537 0.115394 -0.974036 -0.359412 -0.576814 0.149543 0.355762 -0.468841 -0.051101 -0.068816 -0.620848 -0.136592 -0.069921 -0.728494
. 0.201493 -0.477467 0.468693 -0.427346 -0.595377 -0.578728 -0.095138 0.044162 0.403644 -0.254064 -0.451958 0.303520 0.289729 -0.332934 -0.278179 0.285557 0.151634 0.768899 -0.238362 0.254567 0.493090 0.670965 0.555526 0.218066 0.686411 0.299528 -0.335012 0.441272 0.061225 0.555400 0.361008 0.130663 0.834859 -0.092645 0.556069 -0.220518 0.646228 0.145011 -0.531218 -0.113448 -0.376664 -0.141013 0.521719 -0.009226 -0.394690 -0.055301 -0.578361 -0.100266 -0.293120 -0.550153
det 0.155418 -0.488576 0.499679 0.208953 0.441899 -0.020344 -0.367820 -0.215744 0.971495 0.234621 0.312630 0.040397 -0.145613 -0.927414 -0.187411 0.180061 0.093164 -0.165203 0.459935 0.435162 -0.053798 0.232559 0.301295 0.115434 0.952549 0.944865 0.117716 0.436775 0.188617 0.157801 0.541491 0.208747 0.587094 0.257447 0.436364 0.129282 0.123846 0.278699 -0.379221 0.108735 -0.358843 -0.071467 0.131436 -0.038176 0.281370 0.470120 -0.856265 -0.543260 0.369328 -0.250394
adj 0.362304 -0.414792 0.531985 -0.465878 -0.415278 -0.062271 0.121709 0.100754 0.573911 -0.380400 -0.308612 0.187525 0.264542 -0.593311 -0.166363 0.511195 0.249679 0.752156 -0.110532 0.395042 0.119778 0.419959 0.638329 -0.040015 0.774413 0.327876 -0.789236 0.641925 0.161613 0.281914 0.498434 -0.241952 0.960350 -0.277775 0.634169 -0.415986 0.763399 0.124346 -0.824149 -0.302144 -0.176434 -0.038160 0.173634 -0.422276 0.067521 -0.095543 -0.342990 -0.268431 -0.036624 -0.654423
verb -0.025665 -0.194616 0.442057 -0.640049 -0.415419 -0.589363 0.019307 -0.062569 0.413610 -0.117081 -0.516093 0.585435 0.164229 -0.557647 -0.340069 0.415195 -0.084878 0.618683 -0.168081 -0.119616 0.395796 -0.062376 0.641919 -0.089661 0.859078 0.188397 -0.771600 0.193392 -0.152091 0.327750 0.789467 0.059213 1.071940 -0.045536 0.862703 -0.238016 0.894598 0.370681 -0.815868 -0.111383 -0.552131 -0.105730 0.706179 -0.645218 0.171241 -0.210791 -0.490579 0.249030 0.213100 -0.214628
adp -0.172694 -0.259795 0.581808 -0.308144 -0.416659 -0.301037 -0.031109 0.051527 0.613418 -0.275802 -0.570155 0.357053 0.196821 -0.371164 -0.096895 0.351760 0.074372 0.749707 0.125150 0.033507 0.568542 0.441935 0.766638 0.274097 0.597268 0.449673 -0.645550 0.207376 0.044597 0.270466 0.490777 -0.098776 0.885598 -0.220779 0.493321 -0.204364 0.738567 0.153659 -0.729224 -0.223025 -0.366532 0.150729 0.299425 -0.244197 -0.229889 -0.138922 -0.300159 -0.034846 -0.255524 -0.476810
adv -0.043315 -0.410351 0.224924 -0.306227 -0.509490 -0.410871 -0.087713 0.016442 0.611460 -0.371402 -0.285280 0.584179 0.511725 -0.536500 -0.149178 0.169068 -0.151143 0.612036 -0.126896 -0.011926 0.303655 0.442321 0.536805 0.117387 0.610652 -0.055555 -0.077731 0.460726 0.035325 0.486572 0.497816 -0.024954 0.848504 0.028209 0.437530 -0.457025 0.847445 -0.125267 -0.517563 0.125128 -0.439386 0.214234 0.638850 -0.531784 -0.036435 -0.091288 -0.679975 -0.366148 -0.118937 -0.460011
nn 0.200790 -0.605773 0.409230 -0.021371 0.021530 0.031809 -0.271481 -0.111509 0.827702 -0.362937 0.142226 0.277557 0.269012 -0.950334 -0.269694 0.188296 -0.178782 0.268284 0.090673 0.450117 -0.106151 0.457497 0.530138 -0.150167 1.013814 0.518142 -0.132123 0.626134 0.378147 0.238904 0.392829 -0.015984 0.846252 0.242474 0.640924 -0.271153 0.319191 0.070746 -0.632086 0.067109 -0.597939 0.005946 0.373962 -0.313071 0.347834 0.065471 -0.862738 -0.416796 0.012291 -0.537311
nc -0.311192 0.314342 0.438920 -0.137012 -0.381233 0.230637 -0.022955 0.466083 -0.343640 0.186418 -0.088440 0.008875 -0.131159 0.076637 0.450550 -0.223989 -0.181553 -0.096475 -0.375400 -0.247706 0.023239 0.017177 0.240511 -0.374332 0.308098 -0.203175 0.388429 -0.318441 0.358011 0.483819 0.007137 0.027110 -0.176783 0.509472 0.412758 -0.106530 0.005580 -0.146801 0.199956 -0.474957 -0.264737 0.032243 0.121854 0.168960 -0.018798 -0.046686 -0.389121 -0.004635 -0.359277 -0.209951
n -0.144223 -0.283501 0.090107 0.475140 0.314475 0.124542 -0.655798 -0.182200 0.290796 0.147453 0.200994 -0.162346 -0.196881 -0.838217 -0.343603 0.151288 -0.113846 -0.052247 0.442029 0.144688 -0.475608 0.156156 -0.201566 -0.288356 0.542611 0.656691 0.446491 0.158094 0.276352 -0.096271 -0.087220 0.257766 0.026629 0.225943 0.417998 0.165242 -0.420919 0.011334 0.053560 0.469092 -0.362709 -0.052999 0.504135 0.357323 0.309926 0.124400 -0.695256 -0.339851 -0.118027 0.260241
p -0.187095 -0.105567 0.094660 0.374569 0.309878 0.066079 -0.507989 -0.049724 0.414998 -0.133089 -0.110202 -0.480032 -0.099380 -0.988895 -0.376203 0.138648 0.065107 -0.034872 0.741050 -0.360727 -0.675682 0.239502 -0.120837 -0.159804 0.278970 0.888344 -0.015508 0.197162 0.236073 -0.390505 0.126184 -0.061203 -0.039447 -0.087128 0.352171 0.213520 -0.278734 0.217548 -0.131505 0.526674 -0.077190 -0.203128 0.328603 0.226286 0.166503 0.064754 -0.404469 -0.421685 -0.329419 0.251104
pron -0.093194 -0.269745 0.422810 -0.153319 -0.303020 -0.159970 -0.176957 0.083417 0.629119 -0.243512 -0.255446 0.141210 0.148600 -0.525013 -0.228429 0.270731 -0.001384 0.320164 0.158152 -0.023402 0.199509 0.339567 0.482243 -0.044848 0.662546 0.337536 -0.199666 0.563262 0.068487 0.356760 0.410687 0.103540 0.462148 0.092765 0.460471 -0.362104 0.610406 0.292465 -0.587815 -0.192522 -0.128458 -0.025439 0.393662 -0.365268 -0.010367 0.085874 -0.525363 -0.361721 -0.178265 -0.285173
conj -0.229243 -0.398238 0.413330 -0.196259 -0.077894 -0.221151 0.133025 -0.155378 0.784854 -0.188819 -0.223582 0.388502 0.173240 -0.423142 0.062927 0.172499 -0.024430 0.434925 0.265385 0.109252 0.326552 0.323236 0.847519 0.278784 0.608380 0.266496 -0.368953 0.275614 0.119966 0.365863 0.627872 -0.132968 0.908343 -0.085872 0.229219 -0.238645 0.716249 0.020965 -0.688011 -0.223530 -0.334449 0.071740 0.152836 -0.478200 -0.164518 0.081976 -0.453799 -0.362453 -0.063368 -0.497072
ponct -0.439841 0.102863 0.402771 -0.125373 -0.149607 -0.048674 0.159752 0.193439 -0.362673 0.478766 -0.247260 -0.245531 -0.332490 -0.049500 0.311016 0.052822 0.151060 0.159260 -0.057710 -0.361043 -0.014572 0.000569 0.262346 -0.280357 0.132405 -0.180241 0.349578 -0.328620 0.149876 0.634245 0.055639 0.041744 -0.053682 0.141595 0.355284 -0.124484 0.215530 -0.082961 0.175784 -0.412213 0.118983 -0.280020 0.235822 0.404203 -0.395319 0.175797 -0.121623 -0.162170 -0.356214 0.247040
v -0.036148 -0.262623 0.060138 0.114787 0.370861 -0.339475 -0.459255 -0.352641 0.445625 0.181088 0.123010 -0.207038 -0.204891 -0.856981 -0.623907 0.260776 -0.109775 0.047920 0.440185 -0.108479 -0.549526 -0.134536 -0.069026 -0.259946 0.493391 0.602711 -0.103853 0.287212 0.071020 -0.084575 0.363036 0.236445 0.170762 0.091724 0.311817 0.102283 -0.219006 0.131068 -0.312942 0.725057 -0.325019 -0.327758 0.653074 -0.133552 0.271924 0.052098 -0.762203 -0.408366 0.156922 0.340362
subst 0.159891 -0.221044 0.532936 -0.361691 -0.317335 -0.127105 -0.010075 0.192825 0.593766 -0.273514 -0.190126 0.250429 0.273739 -0.502634 -0.066775 0.240767 0.037973 0.430941 -0.136305 0.192750 0.381839 0.230549 0.620971 -0.029866 0.695617 0.194638 -0.483770 0.564346 0.029143 0.367004 0.521143 -0.043353 0.663464 0.095562 0.496107 -0.392323 0.683122 0.166213 -0.694058 -0.276774 -0.303114 0.146490 0.246988 -0.475023 0.038655 -0.014448 -0.459836 -0.249933 0.013091 -0.597230
a -0.049398 -0.306609 0.041267 0.440408 0.461932 0.282744 -0.462530 -0.303967 0.259664 0.121584 0.216729 -0.306539 -0.363387 -0.709771 -0.351506 0.239585 -0.005430 -0.069828 0.567548 0.288698 -0.725515 0.112957 -0.121141 -0.282297 0.436116 0.821503 0.040648 0.120642 0.380742 -0.327082 -0.071334 0.073977 0.070405 -0.024899 0.250838 0.269064 -0.591101 0.073264 -0.098605 0.300948 -0.200929 -0.240481 0.168531 0.314003 0.326808 0.073863 -0.469344 -0.302243 -0.093437 0.187570
t 0.020817 -0.141440 0.163526 0.400005 0.695229 -0.086689 -0.370346 -0.204047 0.461861 0.400377 0.188565 -0.512856 -0.347274 -0.799541 -0.207550 0.032310 0.295767 -0.442162 0.718113 -0.167887 -0.411830 0.008586 -0.236002 0.096991 0.293142 0.966996 0.250254 0.072100 -0.004358 -0.235209 0.313903 0.170918 -0.053538 0.031025 0.165740 0.467552 -0.258315 0.387249 0.083136 0.457099 0.080441 -0.340313 0.033872 0.396025 0.059022 0.511212 -0.364769 -0.420321 0.223599 0.364278
vb 0.142966 -0.428951 0.372542 -0.156793 -0.093279 -0.412832 -0.303355 -0.123401 0.765692 -0.249811 -0.344584 0.193180 0.129439 -0.790787 -0.472555 0.256662 0.145258 0.171498 0.315759 -0.030152 0.121708 0.483257 0.331180 0.201928 0.841606 0.938018 -0.327518 0.412774 0.035216 0.055287 0.643082 0.106997 0.780801 -0.088823 0.654304 0.068442 0.574734 0.634203 -0.600708 0.119925 -0.236277 -0.257023 0.406334 -0.175447 0.127699 0.141629 -0.555300 -0.128814 0.057304 -0.227517
art 0.305887 0.073244 -0.008920 0.049650 0.846373 -0.232698 0.252581 0.054532 -0.114291 0.069379 0.022590 -0.586350 0.259380 -1.106437 0.298466 -0.450036 0.365713 -0.128514 0.160887 -0.324370 -0.339672 -0.254763 0.089000 0.073185 -0.246636 0.318016 -0.317853 -0.205370 -0.042402 -0.447431 0.447667 -0.476584 0.251351 -0.151514 0.193864 0.563279 -0.292305 -0.194411 0.169139 0.546407 -0.470298 -0.165407 -0.067213 0.628745 -0.313243 0.147078 0.077394 -0.054347 0.024598 -0.177119
r -0.191951 -0.132906 0.165809 0.375268 0.085452 -0.177928 -0.665156 -0.017050 0.515940 -0.043708 -0.113946 -0.279851 -0.062394 -0.824515 -0.310335 0.033669 0.029870 0.030131 0.656100 -0.368741 -0.465968 0.446584 -0.202623 0.124880 0.390691 0.875580 0.299562 0.118391 0.243781 -0.221870 0.197718 0.120247 0.013707 -0.022344 0.313759 0.302745 -0.208169 0.120814 0.048312 0.744061 -0.224648 -0.131054 0.421913 0.234826 0.088654 0.081770 -0.750917 -0.442649 -0.295490 0.184631
pp -0.015853 -0.369124 0.507104 -0.007870 -0.140911 -0.096047 -0.223552 -0.036528 0.795683 -0.169822 -0.220179 0.172746 0.043151 -0.631301 -0.005226 0.243824 0.134967 0.461359 0.436005 0.181250 -0.034645 0.632474 0.373398 0.405848 0.761812 0.830106 -0.257329 0.103011 0.317993 0.024126 0.459500 -0.177534 0.856082 -0.242747 0.478785 0.161370 0.343525 0.041637 -0.343792 0.170963 -0.394982 0.005434 0.095620 -0.098641 0.065893 0.017817 -0.631377 -0.286803 -0.063982 -0.417251
interp 0.048025 -0.235512 0.389900 -0.275759 -0.321907 -0.324371 -0.076148 0.125433 0.485753 -0.224225 -0.360027 0.109646 0.189466 -0.451222 -0.163086 0.213199 0.170094 0.374229 0.041021 -0.066430 0.290553 0.428129 0.383558 0.188629 0.480537 0.401961 -0.272897 0.346118 -0.023212 0.316498 0.429152 -0.024188 0.533491 -0.071225 0.419770 -0.141432 0.614263 0.270499 -0.414217 -0.079829 -0.049854 -0.055052 0.301429 -0.104163 -0.213097 0.098717 -0.299034 -0.231968 -0.131643 -0.317547
 0.143947 -0.403500 0.429356 0.325715 0.313288 -0.108595 -0.563377 -0.065001 0.577112 -0.034011 -0.032982 -0.213895 -0.078811 -0.922556 -0.228137 -0.018983 0.219876 -0.014970 0.444356 0.335788 -0.006565 0.577911 0.190472 0.200476 0.761172 1.269213 0.043160 0.243803 0.300879 -0.098596 0.253834 0.188861 0.425920 0.095814 0.509669 0.496205 -0.268928 0.333075 -0.184811 0.221319 -0.507168 -0.135384 0.184295 0.671874 -0.111706 0.252011 -0.661498 -0.221110 -0.234826 -0.392469
appr -0.057122 0.229643 -0.228574 0.040538 0.327174 0.189301 0.206853 0.280508 -0.306708 -0.500950 -0.188533 -0.232051 0.582119 -0.874648 0.449538 -0.545620 -0.104542 0.086809 -0.016064 -0.493719 -0.500263 -0.047884 0.121453 -0.094235 -0.397413 -0.057373 -0.298379 -0.368470 0.258527 -0.593362 0.081862 -0.809277 0.189407 -0.130590 0.205263 0.327433 -0.340755 -0.591276 0.204867 0.405097 -0.707064 0.270334 0.000274 0.404577 -0.091381 -0.329729 0.180867 0.114373 -0.474491 -0.399285
num 0.253878 -0.752165 0.225369 -0.332521 -0.204649 -0.224894 0.053194 -0.309687 0.490079 -0.086480 -0.042418 0.302639 0.018599 -0.547358 -0.283233 0.498650 0.117685 0.596919 0.003061 0.482283 -0.170757 0.575942 0.243215 0.059749 0.867937 0.253256 -0.054840 0.268853 0.158656 0.518734 0.256619 -0.124709 1.064078 -0.231967 0.614267 -0.179282 0.631705 0.029997 -0.282889 0.078121 -0.065223 -0.359310 0.425197 -0.148213 0.059654 0.172490 -0.438250 -0.325088 0.220258 -0.093453
c -0.248670 0.019557 0.117778 0.486109 0.504311 0.190947 -0.559045 -0.119331 0.493871 0.143522 0.273634 -0.420816 -0.261785 -0.809781 -0.183015 -0.013773 -0.183327 -0.296518 0.695111 -0.222909 -0.796609 -0.080011 -0.092044 -0.226160 0.322084 0.752937 0.135353 0.070645 0.369209 -0.370258 0.224521 0.042142 -0.221460 0.194725 0.071361 0.253602 -0.578255 -0.062325 -0.070573 0.630574 -0.305041 -0.072258 0.178704 -0.029694 0.390424 0.044758 -0.801289 -0.608997 -0.074337 0.151236
npp -0.198339 0.333547 0.179255 -0.378827 0.204591 -0.372594 0.572694 0.144241 -0.758640 0.549197 -0.120268 -0.330793 -0.236259 0.315768 0.428337 -0.440001 0.141377 -0.205454 -0.454462 -0.320253 0.204244 -0.540708 0.508607 -0.212912 -0.368564 -0.510423 -0.112277 -0.435622 -0.026593 0.544696 0.269367 0.095052 -0.287577 0.307834 -0.139161 0.114330 -0.191625 -0.110440 0.084827 -0.633396 -0.130465 -0.409808 -0.045582 0.433987 -0.770383 0.082690 0.091465 0.173409 -0.263894 -0.152216
ne 0.066977 0.083171 -0.396134 0.326281 0.972903 -0.342865 0.004503 -0.189695 -0.418358 -0.062859 0.080146 -0.518883 0.327207 -0.713748 -0.099443 -0.686718 -0.068610 -0.416565 0.080417 -0.320702 -0.174399 -0.486697 0.174827 -0.254445 -0.599764 0.115348 -0.295053 -0.001215 -0.088198 -0.583533 0.094390 -0.013918 -0.282526 0.190405 -0.249262 0.395650 -0.810516 -0.082589 -0.082982 0.406498 -0.687990 -0.154027 0.141687 0.673997 -0.409587 -0.085870 0.052584 0.203098 -0.385252 -0.081097
adja 0.235313 0.083919 -0.046879 0.191098 0.623368 0.272527 0.063768 0.104315 -0.417681 -0.147500 -0.004015 -0.519997 0.286730 -1.116328 0.202034 -0.142205 0.154558 0.263502 0.019285 0.000392 -0.499692 -0.321626 0.037876 -0.488017 -0.130310 0.128198 -0.485496 -0.059376 0.168355 -0.599568 -0.060623 -0.486891 0.221663 -0.154631 0.458694 0.261551 -0.508871 -0.454663 0.009058 0.397520 -0.648437 0.080740 0.112987 0.638799 0.061388 -0.213881 0.174832 0.165131 -0.275682 -0.159027
jj 0.189398 -0.485606 0.262998 0.048278 0.084976 0.068676 -0.189953 -0.198282 0.721224 -0.262882 0.010942 0.111198 0.075661 -0.690691 -0.251695 0.322510 0.078867 0.328630 0.381886 0.407500 -0.267711 0.446746 0.298756 0.106748 0.678457 0.715326 -0.337432 0.380682 0.300308 -0.105276 0.314411 -0.152949 0.730104 -0.217949 0.379746 0.005648 0.183227 0.083785 -0.479302 0.161697 -0.285555 -0.078546 0.089988 -0.172814 0.267249 0.038154 -0.489204 -0.325912 0.029882 -0.335416
prep 0.023746 -0.288651 0.316534 -0.244485 -0.218245 -0.310664 -0.028303 0.023424 0.467724 -0.220151 -0.386519 0.129889 0.181060 -0.433807 -0.191903 0.208626 0.171528 0.367277 0.102255 -0.044007 0.327988 0.408470 0.418563 0.179582 0.416683 0.400348 -0.283972 0.329479 -0.064545 0.280337 0.406780 -0.028131 0.557719 -0.144345 0.375000 -0.151882 0.627518 0.307235 -0.458631 -0.125620 -0.029435 -0.082632 0.263171 -0.064899 -0.248609 0.118192 -0.169170 -0.179532 -0.123792 -0.273347
ab -0.063366 -0.335742 0.308981 0.035217 -0.156718 -0.205120 -0.397677 -0.000600 0.821674 -0.260378 -0.173998 0.101325 0.127474 -0.691785 -0.298873 0.188844 -0.003777 0.201110 0.390150 -0.048836 -0.026783 0.526555 0.259277 0.192665 0.630584 0.717491 -0.020912 0.450507 0.140009 0.126012 0.441839 0.071069 0.433710 0.012333 0.365198 -0.045242 0.361395 0.222178 -0.382018 0.254308 -0.179766 0.006627 0.369244 -0.214807 0.044684 0.132297 -0.678376 -0.517908 -0.111274 -0.257131
p+d -0.441396 -0.110828 0.247920 -0.143082 -0.185100 0.390049 0.420556 0.048315 -0.239081 0.334074 -0.171652 0.085140 -0.321453 0.096391 0.584310 0.156950 0.154568 0.205799 0.042270 -0.160109 -0.231899 0.259661 0.125435 -0.100245 0.202158 -0.310753 0.560554 -0.563905 0.270634 0.614845 -0.115270 -0.412577 0.314268 -0.185714 0.350704 -0.165075 0.515967 -0.270152 0.400770 -0.560390 0.363706 -0.143236 -0.144559 0.241853 -0.119621 0.262444 0.207480 -0.199456 -0.104001 0.347791
mad 0.134981 -0.375582 0.417011 0.110715 0.033601 -0.089997 -0.288929 -0.144254 0.696813 0.087040 0.015490 0.030291 -0.190270 -0.464854 -0.036269 0.186941 0.202459 0.157752 0.483550 0.314783 -0.198544 0.613829 0.050592 0.467628 0.739750 0.922573 0.036068 -0.031866 0.322543 -0.034593 0.302720 -0.034358 0.642797 -0.200974 0.375246 0.401049 0.067891 0.127526 -0.059067 0.268376 -0.260006 -0.205463 -0.056225 0.124886 0.131837 0.196692 -0.651247 -0.243025 0.111572 -0.215542
$. -0.114481 -0.118559 -0.069158 0.089264 0.567718 -0.649701 0.214383 -0.207056 -0.592170 0.301369 -0.266966 -0.416135 0.027345 -0.493697 0.159224 -0.277878 0.326964 0.613119 -0.000443 0.141571 0.063023 -0.150154 0.501324 0.155997 -0.428287 0.162528 -0.502450 -0.317108 0.052741 -0.116594 0.128263 -0.012049 0.325883 -0.273782 -0.094180 0.646119 -0.712860 -0.571521 0.018078 0.226488 -0.859519 -0.184443 0.323435 1.151506 -1.127029 -0.164447 -0.078477 0.183656 -0.662904 -0.401453
$ -0.121727 -0.163037 0.034937 0.249306 0.348243 -0.248137 -0.116110 0.017624 -0.086285 -0.286915 -0.238625 -0.123292 0.382914 -0.684090 0.201362 -0.544646 0.026949 0.208935 0.091919 0.009455 0.051300 0.341483 0.495107 0.221211 -0.082684 0.484249 -0.161551 -0.153966 0.342549 -0.261197 0.152732 -0.152694 0.326457 0.013529 0.087860 0.526416 -0.530273 -0.349826 -0.022391 0.178744 -1.002238 0.116296 0.171172 0.882603 -0.647147 -0.183721 -0.339253 0.098321 -0.779557 -0.715708
vpp -0.073793 0.365642 0.577246 -0.297444 -0.269383 -0.094497 0.002499 0.613485 -0.337929 0.165409 -0.319044 -0.453035 -0.033835 -0.599420 0.379721 -0.208079 0.146834 0.068709 -0.255269 -0.613649 -0.258509 0.080177 0.197399 -0.351507 0.330473 0.150181 0.047051 -0.285480 0.298505 0.331616 0.326221 -0.186088 -0.013242 0.287826 0.733851 0.128354 0.048345 -0.043606 0.190546 -0.069812 -0.301709 -0.276192 0.314539 0.418612 -0.219208 -0.022104 -0.459889 -0.124028 -0.440646 -0.204659
dt 0.184781 -0.350609 0.437984 0.143054 0.125674 0.009699 -0.386974 -0.072695 0.803205 0.087220 0.202196 -0.001278 -0.147629 -0.663910 -0.139636 0.171190 0.084328 -0.032010 0.408223 0.308381 -0.218082 0.414655 0.093472 0.221525 0.820235 0.861712 0.106173 0.255422 0.275692 0.060438 0.368253 0.074447 0.467558 0.107060 0.372066 0.199181 0.055112 0.183809 -0.171948 0.243505 -0.254163 -0.115967 0.046375 -0.051909 0.291773 0.277151 -0.788182 -0.455964 0.229197 -0.255580
pn -0.099099 -0.252120 0.238031 0.157907 -0.071129 -0.245185 -0.591730 -0.060145 0.768256 -0.242294 -0.075269 0.005024 0.075217 -0.584207 -0.517682 0.095287 -0.140231 -0.028248 0.395951 -0.081755 -0.023447 0.372252 0.213774 0.056896 0.543981 0.754624 0.000732 0.589615 0.130218 0.035263 0.361132 0.322186 0.094025 0.219915 0.201301 -0.068334 0.071240 0.349174 -0.464877 0.294279 -0.234941 -0.043889 0.436706 -0.218213 0.070649 0.083791 -0.818180 -0.484052 -0.204982 -0.210189
vvfin -0.170523 0.293564 -0.173016 -0.033720 0.458493 -0.259374 0.163367 0.093400 -0.081648 -0.337423 -0.193526 -0.319427 0.473035 -0.758611 0.055206 -0.448173 -0.156742 0.047739 0.095678 -0.665074 -0.256355 -0.440674 0.397149 -0.162886 -0.495347 -0.090126 -0.640924 0.010619 -0.023561 -0.452539 0.456237 -0.412305 -0.051081 -0.005886 -0.094670 0.105748 -0.255672 -0.354259 -0.312725 0.495585 -0.607480 0.139914 0.232892 -0.051379 -0.242466 -0.315015 -0.043486 -0.091290 -0.355881 -0.277652
m 0.088675 -0.226536 -0.001246 0.289001 0.521880 -0.017775 -0.357350 -0.223636 0.162661 0.234302 0.202793 -0.266447 -0.177780 -0.914446 -0.187771 0.075146 0.080203 -0.022542 0.400868 0.137559 -0.563938 0.007129 -0.235394 -0.092046 0.363830 0.668132 0.146733 -0.083856 0.154354 -0.289816 0.085546 -0.018709 0.236894 -0.017814 0.353748 0.463427 -0.470422 -0.079263 0.182834 0.625841 -0.397241 -0.181213 0.295509 0.449144 0.203050 0.138044 -0.453918 -0.208912 0.136249 0.200946
praet 0.007115 -0.232540 0.277991 -0.224549 -0.184994 -0.199724 -0.026634 0.002123 0.376944 -0.152395 -0.237588 0.167560 0.110250 -0.395647 -0.136113 0.189954 0.063142 0.295295 0.054728 -0.004891 0.162764 0.265860 0.357846 0.065746 0.465846 0.271909 -0.237911 0.233174 0.006910 0.234877 0.357422 -0.034614 0.510517 -0.052868 0.385722 -0.135223 0.479632 0.213637 -0.367637 -0.086253 -0.114533 -0.068653 0.258080 -0.173128 -0.036943 0.057741 -0.261931 -0.135348 -0.033205 -0.202441
cc -0.497130 0.274118 0.376210 -0.208945 -0.205475 0.099923 0.257408 0.267212 -0.366435 0.450530 -0.203031 -0.192633 -0.341371 0.105883 0.425256 0.025744 0.038686 0.051815 -0.118414 -0.471995 -0.069452 -0.182360 0.244103 -0.355883 0.048420 -0.376081 0.316638 -0.358924 0.148680 0.634867 0.095119 -0.053931 -0.190801 0.188840 0.251003 -0.216329 0.269516 -0.160934 0.176682 -0.484624 0.185517 -0.160653 0.140328 0.114183 -0.246793 0.134556 -0.049673 -0.213287 -0.251583 0.244694
kn -0.006857 -0.417911 0.329266 0.157222 0.025880 -0.116749 -0.324132 -0.200913 0.782446 -0.034291 0.003844 0.131715 -0.077975 -0.495922 -0.139876 0.181787 0.083520 0.177504 0.515478 0.251310 -0.139854 0.562922 0.157535 0.392283 0.678364 0.816190 0.041919 0.106351 0.291920 0.003545 0.314449 0.012653 0.608004 -0.128046 0.286831 0.233669 0.120091 0.118551 -0.184475 0.278368 -0.276212 -0.100804 0.074877 -0.022392 0.133141 0.156791 -0.652943 -0.331877 0.038810 -0.189952
prt 0.334058 -0.261203 0.437707 -0.061533 -0.194972 -0.411719 -0.467635 0.117825 0.905370 0.000741 0.075219 -0.126116 0.055623 -0.710552 -0.399259 0.378650 0.209486 0.379065 0.201361 0.268592 0.041832 0.330777 0.117317 0.274630 0.649935 0.729819 -0.201287 0.784661 -0.007690 0.197370 0.575528 0.279295 0.296048 0.046741 0.195481 -0.009667 0.183367 0.048858 -0.394843 0.585358 -0.148605 0.069194 0.460685 -0.308957 -0.010888 0.147170 -0.956804 -0.793467 0.186044 -0.485091
$lrb -0.056109 0.018812 -0.309442 0.043362 0.676785 -0.466269 0.335965 -0.226900 -0.548614 0.041107 -0.058254 -0.207089 0.322191 -0.447198 0.092826 -0.460419 -0.031165 0.221850 -0.166368 -0.086775 0.073742 -0.500363 0.472093 -0.108052 -0.605144 -0.295377 -0.489472 -0.168387 -0.097734 -0.263085 0.126497 -0.107127 0.145752 -0.020787 -0.237330 0.265052 -0.544827 -0.521005 -0.156370 0.263060 -0.800836 0.009779 0.259723 0.581613 -0.666209 -0.246699 0.112585 0.256954 -0.380697 -0.267189
vinf 0.217501 0.500673 0.649214 -0.374948 -0.472969 -0.129035 -0.177635 0.722933 -0.386298 0.258720 -0.205835 -0.522036 -0.183592 -0.322440 0.116223 -0.058973 0.151121 -0.071801 -0.446036 -0.472720 -0.102668 -0.079978 -0.039438 -0.463179 0.429540 0.180226 -0.039738 -0.095179 0.168129 0.309710 0.221715 0.137212 -0.296936 0.445324 0.725758 0.048915 -0.036648 0.254092 0.124702 -0.090583 -0.107688 -0.358457 0.309563 0.231297 0.005197 -0.085796 -0.502774 0.031025 -0.204822 -0.138803
k -0.297827 -0.283031 0.015405 0.374665 0.315712 -0.054062 -0.446736 -0.357973 0.369590 0.121264 0.057709 -0.062262 -0.251614 -0.522912 -0.279858 0.083764 -0.112860 -0.004671 0.599788 0.011244 -0.511499 0.222893 -0.034234 0.046060 0.357332 0.705925 0.209453 -0.094187 0.305745 -0.190516 0.085119 0.104022 0.169944 -0.019355 0.155032 0.318960 -0.376852 0.000844 -0.029899 0.439749 -0.335489 -0.207192 0.280523 0.231165 0.126047 0.056293 -0.605244 -0.273912 -0.145069 0.222515
qub 0.045307 -0.217753 0.272365 -0.171244 -0.250801 -0.189370 -0.101342 0.061485 0.486460 -0.204534 -0.190093 0.197269 0.174110 -0.364012 -0.114362 0.154809 0.035741 0.286154 0.046056 0.046722 0.209580 0.315582 0.319140 0.141984 0.443291 0.283757 -0.189064 0.296189 0.016949 0.211834 0.355733 -0.023849 0.457605 -0.004188 0.304435 -0.146165 0.435245 0.127636 -0.350626 -0.002308 -0.161835 0.063606 0.238344 -0.224231 -0.033250 0.043357 -0.368037 -0.226970 -0.026200 -0.319701
mid -0.017020 -0.384557 0.391943 0.117998 0.016884 -0.212984 -0.364419 -0.180740 0.636759 0.014483 -0.092130 0.058043 -0.116643 -0.543547 -0.234881 0.198006 0.105617 0.204833 0.429096 0.196153 -0.045650 0.503970 0.223706 0.248823 0.693684 0.831950 -0.030627 0.159136 0.241434 0.076552 0.308749 0.143446 0.540001 -0.058439 0.393588 0.191869 0.103353 0.231387 -0.264587 0.183373 -0.309920 -0.184922 0.224130 0.113927 -0.005335 0.146140 -0.666825 -0.242182 -0.076216 -0.173166
fin -0.017830 -0.229409 0.248905 -0.167945 -0.165085 -0.152858 -0.025203 -0.013996 0.374587 -0.180444 -0.217247 0.163617 0.100775 -0.356418 -0.151580 0.208132 0.038720 0.265801 0.075539 0.014163 0.134519 0.253207 0.337337 0.044544 0.423874 0.263558 -0.232600 0.248039 0.025569 0.190991 0.305771 -0.033925 0.473508 -0.072754 0.334172 -0.163493 0.436700 0.194988 -0.386168 -0.102524 -0.099582 -0.040913 0.225866 -0.180440 -0.032692 0.044307 -0.216576 -0.131577 -0.036976 -0.185626
vafin -0.120877 0.272190 -0.097703 -0.071595 0.360032 -0.215418 0.088620 0.090532 -0.210310 -0.047859 -0.061079 -0.333983 0.231142 -0.733450 0.060520 -0.222613 -0.131018 0.311521 -0.021503 -0.348422 -0.397588 -0.519480 0.283580 -0.273256 -0.311883 -0.103828 -0.607453 -0.065257 0.046809 -0.340737 0.329703 -0.311833 0.022435 -0.015345 -0.009247 0.180006 -0.477980 -0.608719 -0.182461 0.584103 -0.704300 0.138359 0.391976 0.058408 -0.192293 -0.360765 -0.252143 -0.162890 -0.260243 -0.263531
x -0.541300 -0.713036 -0.127110 0.345204 0.553225 0.126707 -0.029093 -0.780075 0.369810 -0.048496 0.136145 0.413737 0.014486 -0.396205 -0.437463 0.238205 -0.382834 0.026881 0.396549 0.267181 -0.063820 -0.012362 0.585126 -0.497047 0.398106 -0.024264 0.217986 0.395823 0.166050 0.307905 -0.014007 0.242306 0.484617 0.199914 0.172051 -0.564194 0.251502 0.126682 -0.694648 -0.344185 -0.209669 -0.093680 0.412429 -0.165659 0.213367 0.171789 -0.141944 -0.174959 -0.150981 0.380298
kon -0.120709 0.218466 -0.069685 0.150701 0.665056 -0.147305 0.132663 0.080827 -0.333221 0.107717 -0.003606 -0.442302 0.203753 -0.849445 0.324065 -0.408245 0.034931 0.174767 0.054968 -0.249715 -0.286559 -0.471088 0.264063 -0.135346 -0.395263 -0.008362 -0.345374 -0.269233 0.070073 -0.380552 0.248521 -0.328788 0.051425 0.001355 0.004286 0.425130 -0.611680 -0.653897 0.091930 0.494452 -0.780015 0.173453 0.205698 0.573536 -0.395262 -0.175108 -0.101534 -0.052447 -0.305583 -0.270018
vvpp 0.147520 0.012134 -0.116274 -0.137292 0.553170 -0.501567 0.260852 -0.057032 -0.452761 -0.286938 -0.391504 -0.362271 0.613141 -1.014489 -0.129596 -0.284659 0.111898 0.442547 -0.207077 -0.358106 0.003577 -0.441262 0.563890 -0.448073 -0.382707 -0.122605 -0.906633 0.219906 -0.119377 -0.339055 0.352442 -0.239065 0.358977 -0.134395 0.314770 -0.006379 -0.133256 -0.213714 -0.571671 0.295925 -0.846618 -0.075128 0.490062 0.469243 -0.472729 -0.338484 0.140814 0.325268 -0.525771 -0.282461
s 0.017574 -0.180754 0.069472 0.413871 0.421348 0.232581 -0.451882 -0.199272 0.402409 0.096599 0.292396 -0.175688 -0.220647 -0.630632 -0.153655 0.076247 -0.041888 -0.150400 0.510003 0.212272 -0.569327 0.097463 -0.167796 -0.034448 0.383442 0.746821 0.104802 -0.006765 0.309960 -0.371325 0.031045 -0.012035 0.109933 0.027188 0.165969 0.349455 -0.499328 -0.032817 0.029141 0.479305 -0.290807 -0.045962 0.036802 0.159362 0.384226 0.060296 -0.515829 -0.286585 0.092454 0.062081
cls -0.122953 0.358178 0.176350 -0.393867 0.040842 -0.425240 0.276296 0.404815 -0.437708 -0.055597 -0.438325 -0.554962 0.251706 -0.836007 0.206738 -0.338161 0.122478 0.302146 -0.159223 -0.818604 -0.412394 -0.213637 0.422498 -0.294937 -0.220751 -0.055737 -0.546077 -0.207591 0.146618 0.027455 0.489430 -0.444328 0.075483 0.008778 0.395543 0.171044 -0.121592 -0.343385 -0.074813 0.244691 -0.517970 -0.264147 0.460912 0.338846 -0.544905 -0.245421 -0.228466 -0.127283 -0.618853 -0.311461
adjd -0.005868 -0.098115 -0.137258 0.027834 0.562794 -0.306507 0.082780 -0.101394 -0.270580 -0.109597 -0.091038 -0.312750 0.331272 -0.978925 -0.057764 -0.313533 -0.017744 0.171370 -0.030023 -0.233376 -0.297698 -0.241328 0.330812 -0.335379 -0.149130 0.018582 -0.329557 0.028470 0.076817 -0.190295 0.249621 -0.203051 0.248143 0.052598 0.260216 0.160865 -0.335617 -0.315378 -0.179342 0.386688 -0.737853 -0.111723 0.464510 0.500028 -0.326840 -0.152781 -0.162437 -0.001976 -0.375081 -0.163928
apprart 0.094644 0.156573 -0.083757 0.076134 0.719244 0.006060 0.365221 0.092747 -0.295443 -0.105999 -0.130245 -0.465423 0.353682 -0.937854 0.432857 -0.395944 0.266726 0.127047 0.138739 -0.322864 -0.303088 -0.289134 0.198581 -0.007760 -0.451174 0.043180 -0.502239 -0.329902 0.011599 -0.565889 0.246114 -0.660374 0.267707 -0.298346 0.140817 0.433916 -0.275671 -0.445409 0.106778 0.395591 -0.520129 0.077507 -0.139687 0.586732 -0.307285 -0.074548 0.355075 0.115041 -0.196267 -0.210275
prorel -0.408064 0.356843 0.223075 -0.198746 -0.061372 -0.057310 0.283339 0.386347 -0.340249 0.066969 -0.484633 -0.474083 -0.008090 -0.457782 0.437844 -0.098162 0.224751 0.341164 0.100625 -0.752431 -0.293269 -0.093066 0.277339 -0.122203 -0.286626 -0.061479 -0.248951 -0.370186 0.127030 0.047780 0.242502 -0.481505 -0.034384 -0.215965 0.233233 0.090750 0.075983 -0.345608 0.113680 -0.009979 -0.062394 -0.062547 0.141751 0.329958 -0.495975 -0.108490 0.113018 -0.207546 -0.556303 -0.017030
card 0.141407 -0.051945 -0.240756 0.050036 0.704827 -0.068528 0.184318 -0.139360 -0.324372 0.044172 0.046381 -0.447733 0.172858 -1.114589 0.090224 -0.084053 0.155957 0.244807 0.154287 -0.225678 -0.747630 -0.319677 -0.113957 -0.292252 -0.184641 0.018730 -0.289229 -0.275750 0.042217 -0.434596 0.128346 -0.539345 0.355451 -0.296830 0.340091 0.346501 -0.333945 -0.476235 0.194482 0.725424 -0.443603 -0.179898 0.264644 0.499832 -0.026368 -0.073303 0.109867 -0.038911 0.002860 0.205245
pper -0.232370 -0.115306 -0.005366 0.369113 0.424709 -0.294979 -0.342340 0.007538 -0.011927 -0.143968 -0.207425 -0.385174 0.313016 -1.021334 -0.150298 -0.293738 -0.013593 0.161833 0.265448 -0.340197 -0.109093 0.059433 0.250156 -0.208139 -0.089668 0.366511 0.024813 0.201978 0.091585 -0.170565 0.140880 0.079173 -0.024780 0.125359 0.214010 0.168751 -0.368708 -0.173192 -0.117780 0.484985 -0.662499 0.033065 0.594924 0.689790 -0.432963 -0.042958 -0.381833 -0.217123 -0.668996 -0.099705
rg 0.091349 -0.454581 0.211998 0.097587 0.074767 -0.024248 -0.205321 -0.252568 0.559067 -0.074631 0.052709 0.137142 -0.044132 -0.474702 -0.190720 0.235883 0.052239 0.197711 0.343443 0.342946 -0.230357 0.439761 0.128578 0.174388 0.620307 0.610863 -0.016182 0.153854 0.272229 0.000482 0.199500 -0.019519 0.607965 -0.140275 0.336552 0.114665 0.105332 0.086717 -0.228735 0.184989 -0.231725 -0.150343 0.102589 -0.026103 0.213128 0.095932 -0.490967 -0.223881 0.075060 -0.128353
cs -0.452970 0.322393 0.379880 -0.199877 -0.215580 -0.026736 0.091618 0.366622 -0.204784 0.287252 -0.331314 -0.400513 -0.196757 -0.424453 0.249319 0.185036 0.133314 0.385122 0.062275 -0.662623 -0.314329 -0.195739 0.180190 -0.363969 0.048735 -0.136023 -0.055387 -0.177508 0.097563 0.339099 0.244490 -0.211911 -0.100752 -0.008507 0.387583 -0.181147 0.216059 -0.278806 0.031591 0.026500 0.060568 -0.062427 0.391642 0.040648 -0.214885 -0.050595 -0.208981 -0.410876 -0.328895 0.208268
vvinf 0.111643 0.065026 -0.092928 -0.157980 0.293742 -0.491218 0.144262 0.039533 -0.309280 -0.297275 -0.399284 -0.412181 0.465271 -0.748985 -0.295334 -0.093133 0.131107 0.487569 -0.130247 -0.297821 0.082274 -0.356900 0.451179 -0.340902 -0.379091 -0.035204 -0.916438 0.425874 -0.196403 -0.286526 0.266468 -0.085134 0.101534 -0.150854 0.126190 -0.068453 -0.137956 -0.124824 -0.583240 0.270893 -0.520450 -0.024655 0.507352 0.276287 -0.502079 -0.321106 0.120813 0.156420 -0.504648 -0.271873
pc 0.111297 -0.314760 0.176029 0.132338 0.125388 0.017760 -0.243664 -0.151809 0.585657 -0.120108 0.071147 0.033983 0.010177 -0.503861 -0.172951 0.168764 0.047769 0.133025 0.363677 0.266030 -0.215154 0.331596 0.120225 0.170364 0.473888 0.614305 -0.121804 0.252030 0.213207 -0.134252 0.222001 -0.050023 0.430220 -0.097905 0.187073 0.112367 0.025504 0.055407 -0.249442 0.235413 -0.216580 -0.038248 0.042144 -0.098539 0.189318 0.065747 -0.457357 -0.301849 0.073610 -0.217792
pm 0.030859 -0.468392 0.206464 0.152818 0.041845 -0.183525 -0.363468 -0.283226 0.504743 -0.089360 0.040135 0.191383 -0.003747 -0.310037 -0.341766 0.135194 -0.091570 0.219214 0.232810 0.444502 0.080956 0.397028 0.269378 0.122365 0.572058 0.549645 -0.026180 0.308501 0.218697 0.075523 0.100474 0.287488 0.455900 0.084842 0.205081 0.035234 -0.054887 0.111022 -0.367555 0.097433 -0.454870 -0.092199 0.266007 0.040186 0.016198 0.010306 -0.626284 -0.111144 -0.133827 -0.238437
sn 0.018801 -0.246687 0.149169 0.089498 -0.005722 -0.139260 -0.301554 -0.072096 0.647977 -0.162654 -0.084775 0.049041 0.056767 -0.481959 -0.203405 0.123168 0.068166 0.057824 0.402274 -0.003703 -0.042945 0.402190 0.062627 0.311089 0.402627 0.655172 -0.019874 0.257986 0.048586 -0.066663 0.310813 -0.000148 0.317966 -0.112062 0.154657 0.137928 0.202592 0.215141 -0.175173 0.280158 -0.038746 -0.005450 0.121969 -0.113011 0.054024 0.156013 -0.386571 -0.337357 0.041239 -0.137653
hp -0.018709 -0.250785 0.164534 0.138109 0.012066 -0.102615 -0.358849 -0.082112 0.642528 -0.121888 -0.026473 0.008904 -0.017718 -0.430207 -0.234036 0.142888 0.027004 0.058738 0.421280 0.052842 -0.122313 0.376569 0.053266 0.252035 0.404055 0.652871 0.012886 0.250954 0.119188 -0.058012 0.251555 0.060731 0.237881 -0.041953 0.117598 0.118491 0.068840 0.168998 -0.197205 0.283951 -0.099173 -0.013048 0.152170 -0.103954 0.075974 0.122473 -0.489719 -0.376349 0.000379 -0.134164
pro -0.093813 0.286846 0.347799 -0.217614 0.005503 -0.223265 0.069619 0.363247 -0.515987 0.259606 -0.148571 -0.366891 -0.035635 -0.432647 0.256537 -0.307390 0.019169 0.020349 -0.374361 -0.373751 -0.111196 -0.223714 0.315577 -0.438071 0.103621 -0.091635 -0.044336 -0.204658 0.208426 0.321692 0.247156 0.013114 -0.102260 0.403485 0.434827 0.101436 -0.226472 -0.163368 0.062837 -0.112501 -0.500844 -0.256130 0.368455 0.463391 -0.347129 -0.079057 -0.415557 0.011305 -0.427419 -0.230386
clr -0.234228 0.259094 0.344614 -0.235421 -0.065588 -0.341637 0.132006 0.411054 -0.365493 0.067017 -0.473951 -0.505600 0.070087 -0.605535 0.243252 -0.314205 0.195556 0.053890 -0.079669 -0.813297 -0.182993 0.089426 0.330569 -0.230981 0.001648 0.125294 -0.034784 -0.248460 0.152881 0.279714 0.340132 -0.191948 -0.033780 0.144402 0.510863 0.133896 0.070202 0.064301 0.078600 -0.093778 -0.235229 -0.407842 0.348180 0.560723 -0.565548 0.024526 -0.214636 -0.091564 -0.655185 -0.089944
ie 0.061119 -0.134731 0.191638 0.152282 -0.026860 -0.024794 -0.440879 0.035621 0.634815 -0.127260 0.087641 -0.063949 -0.023881 -0.421970 -0.225483 0.094561 -0.019761 -0.051981 0.328502 0.078019 -0.169661 0.312180 -0.010242 0.184827 0.422555 0.650445 0.023860 0.349344 0.157967 -0.084972 0.239165 0.097276 0.046626 0.095442 0.088281 0.123506 -0.071974 0.146474 -0.159494 0.335578 -0.115140 0.033259 0.116371 -0.152700 0.154428 0.098544 -0.597971 -0.458999 0.024678 -0.234774
vmfin 0.012013 0.274644 0.004941 -0.125125 0.286823 -0.210851 0.171115 0.185429 -0.313775 -0.133408 -0.199224 -0.345257 0.323274 -0.711403 0.135794 -0.250901 0.019061 0.347648 -0.135479 -0.348987 -0.192124 -0.428166 0.360742 -0.266023 -0.307720 -0.107723 -0.700716 -0.031629 0.017575 -0.313178 0.324952 -0.325385 0.083794 -0.059890 0.138034 0.132169 -0.294984 -0.455980 -0.224957 0.348222 -0.665586 0.122268 0.275164 0.215604 -0.294873 -0.343422 -0.061110 0.035216 -0.347972 -0.353686
pad 0.077233 -0.292607 0.207297 0.078074 0.018971 -0.038337 -0.193396 -0.104352 0.469965 -0.071087 0.025674 0.062612 -0.010075 -0.418783 -0.100816 0.148614 0.056918 0.150569 0.252926 0.200634 -0.129442 0.361204 0.076957 0.177137 0.480170 0.503660 -0.015953 0.119140 0.194942 -0.017920 0.176569 -0.021516 0.431543 -0.078614 0.260921 0.126169 0.068044 0.053382 -0.125170 0.199894 -0.205528 -0.058555 0.079356 0.000321 0.115196 0.073447 -0.401973 -0.216586 0.039798 -0.155026
inf 0.011486 -0.115547 0.171302 -0.073829 -0.093885 -0.103202 -0.077387 0.033895 0.239708 -0.079566 -0.095186 0.056399 0.069504 -0.227563 -0.077517 0.104155 0.025017 0.144172 0.050494 0.014033 0.076843 0.163883 0.168105 0.039127 0.252330 0.188589 -0.104620 0.152371 0.038860 0.110945 0.190466 -0.008603 0.234174 -0.014680 0.193282 -0.067495 0.216559 0.092370 -0.205196 0.000605 -0.093303 -0.014856 0.140372 -0.084258 -0.019119 0.019991 -0.212502 -0.128238 -0.041326 -0.153968
ppron3 0.037802 -0.135480 0.179427 -0.062439 -0.095361 -0.070932 -0.082304 0.017223 0.298494 -0.115267 -0.083227 0.097994 0.068003 -0.252954 -0.086640 0.103058 0.026810 0.130298 0.055740 0.053010 0.088767 0.176193 0.160779 0.063243 0.307199 0.213642 -0.104094 0.198007 0.020613 0.091827 0.187267 0.007803 0.267293 0.007581 0.193905 -0.061064 0.215731 0.091924 -0.210415 0.004397 -0.095340 0.026307 0.120573 -0.129540 0.026814 0.041170 -0.212944 -0.124255 0.017124 -0.174160
kous -0.149094 0.454291 0.015601 0.026517 0.295205 -0.087323 -0.042434 0.305882 -0.236002 -0.206058 -0.212840 -0.509770 0.278715 -0.727159 0.067865 -0.317517 -0.085018 0.067367 0.047138 -0.632807 -0.284669 -0.457871 0.240010 -0.354245 -0.385299 0.050793 -0.604087 0.032644 0.037291 -0.456254 0.274791 -0.260453 -0.308248 0.080053 0.068138 0.128435 -0.439343 -0.284613 -0.220540 0.393195 -0.567285 0.142882 0.252882 0.150786 -0.185339 -0.341070 -0.118588 -0.045589 -0.493873 -0.233606
comp 0.030962 -0.158639 0.108578 -0.048151 -0.031761 -0.065133 -0.055606 -0.029289 0.276538 -0.134611 -0.071688 0.087201 0.101456 -0.234647 -0.096989 0.079645 0.003332 0.141752 0.079499 0.065371 0.061438 0.151516 0.192050 0.048666 0.229705 0.173041 -0.150680 0.189526 0.027330 0.047827 0.168127 -0.024927 0.274584 -0.022004 0.136729 -0.073139 0.195811 0.064265 -0.238393 0.004024 -0.116715 0.021747 0.084732 -0.120798 0.010369 0.012847 -0.170501 -0.111250 -0.020177 -0.163770
clo -0.198122 0.310823 0.345604 -0.278399 -0.042499 -0.337227 0.114847 0.412764 -0.326127 0.154482 -0.419046 -0.558768 0.027034 -0.704822 0.169063 -0.168105 0.187530 0.158139 -0.057615 -0.804949 -0.279900 -0.091604 0.283666 -0.308873 -0.001278 0.070869 -0.178478 -0.165220 0.106056 0.236702 0.404429 -0.189681 -0.046181 0.106002 0.491787 0.065656 0.057432 -0.064079 0.005896 0.078575 -0.229660 -0.331466 0.434362 0.389826 -0.467349 -0.038736 -0.274205 -0.212220 -0.517138 -0.040564
et -0.804408 -0.081492 -0.021207 0.127037 0.625329 -0.032919 0.375694 -0.213250 -0.641595 0.335428 -0.058906 -0.081470 0.071193 -0.611378 0.339049 -0.293279 -0.288681 0.246340 -0.130859 -0.353748 -0.142569 -0.555418 0.790849 -0.790686 -0.212606 -0.747726 0.223876 -0.297103 0.200410 0.522388 0.072815 -0.095037 0.138339 0.362536 0.236046 -0.326129 -0.126461 -0.694135 -0.128037 -0.279954 -0.694296 0.015245 0.619380 0.545014 -0.501508 -0.026629 -0.079922 -0.085724 -0.621655 0.188507
piat 0.139224 0.064701 -0.044507 0.080771 0.605813 -0.050596 0.135921 0.033896 -0.204497 0.001775 -0.036897 -0.481700 0.206468 -1.005488 0.185041 -0.190616 0.217038 0.153873 0.162948 -0.239456 -0.462046 -0.258053 0.047607 -0.140597 -0.198812 0.180370 -0.387783 -0.169684 0.058968 -0.452325 0.233983 -0.464041 0.232540 -0.223294 0.254906 0.361812 -0.316013 -0.355151 0.081340 0.518833 -0.467169 -0.057260 0.099551 0.494712 -0.136185 -0.069162 0.070627 -0.035358 -0.112669 -0.065883
pposat 0.221861 0.072719 -0.088357 0.104586 0.665384 -0.100354 0.130924 0.000766 -0.131746 0.012277 -0.007028 -0.535942 0.194110 -0.920372 0.136696 -0.202031 0.290712 0.065479 0.216472 -0.188288 -0.378993 -0.261371 -0.024182 -0.026131 -0.264325 0.249984 -0.390786 -0.101094 -0.031120 -0.509329 0.233626 -0.402748 0.163353 -0.253352 0.124455 0.425984 -0.345202 -0.248361 0.083967 0.550579 -0.364055 -0.055821 -0.006780 0.490750 -0.175486 -0.002286 0.138950 -0.042753 -0.043723 -0.065745
prels 0.018294 0.404856 -0.008492 0.085011 0.385047 -0.108619 -0.172772 0.266798 -0.125568 -0.096254 -0.078340 -0.615183 0.191050 -0.873384 -0.033109 -0.244913 0.020438 -0.022742 0.150808 -0.572389 -0.417204 -0.431042 -0.008279 -0.293015 -0.287822 0.220456 -0.463442 0.079146 -0.015185 -0.522681 0.282141 -0.217543 -0.323425 0.063147 0.105094 0.241679 -0.482661 -0.209743 -0.086671 0.637090 -0.439963 0.067276 0.265756 0.165039 -0.059814 -0.207482 -0.202977 -0.175209 -0.260234 -0.105875
pl 0.067043 -0.191296 0.159761 0.107463 0.013457 -0.070456 -0.330814 -0.050774 0.539029 -0.118530 0.035459 -0.015126 0.008435 -0.412469 -0.241029 0.112385 0.010726 0.036539 0.293461 0.101073 -0.124400 0.271602 0.064618 0.156719 0.374285 0.560357 -0.054877 0.287332 0.133197 -0.083745 0.230572 0.087584 0.187558 0.016914 0.118619 0.094334 -0.003164 0.140570 -0.218174 0.266886 -0.136869 -0.003535 0.137671 -0.103649 0.114644 0.068078 -0.486343 -0.312613 0.006565 -0.173797
vpr -0.137461 0.319983 0.479712 -0.296913 -0.322401 0.076388 0.067950 0.424539 -0.378027 0.412842 -0.060263 -0.175713 -0.289877 0.040209 0.322088 -0.027085 -0.002672 -0.044116 -0.393614 -0.257195 -0.046446 -0.183057 0.132888 -0.453249 0.319309 -0.232948 0.248841 -0.232085 0.192440 0.574879 0.112927 0.088482 -0.203774 0.429774 0.453006 -0.146836 0.097638 -0.029335 0.166430 -0.383460 -0.025250 -0.187840 0.173480 0.081080 -0.018457 0.030592 -0.344616 -0.060050 -0.113431 0.009899
ptkvz 0.074504 0.199628 -0.123293 0.026558 0.456133 -0.230934 0.050254 0.068787 -0.303443 -0.123671 -0.102683 -0.414790 0.326670 -0.686773 -0.067633 -0.243471 0.016921 0.140327 -0.068129 -0.291586 -0.090077 -0.480444 0.208147 -0.348066 -0.380814 -0.071224 -0.552966 0.161957 -0.110763 -0.362497 0.172773 -0.108661 -0.103501 0.031995 0.032977 0.060266 -0.349854 -0.232539 -0.261073 0.380933 -0.514486 0.079066 0.305819 0.252038 -0.230778 -0.240591 0.029747 0.075629 -0.285163 -0.141889
ha 0.015537 -0.194149 0.120580 0.111613 0.021892 -0.089900 -0.250157 -0.078106 0.474047 -0.086710 -0.027560 0.030340 -0.001335 -0.365089 -0.163351 0.100766 0.043614 0.049141 0.319224 0.037240 -0.070145 0.298385 0.030550 0.238558 0.324065 0.521998 -0.003908 0.147970 0.078752 -0.070380 0.215082 0.021117 0.243717 -0.068545 0.131051 0.133330 0.089855 0.142743 -0.128020 0.221465 -0.095650 -0.015237 0.075037 -0.049591 0.066946 0.096116 -0.335089 -0.225471 0.030905 -0.104435
: -0.038240 -0.169702 0.065022 0.293542 0.312532 -0.015856 -0.349420 -0.153646 0.299805 0.032934 0.068262 -0.173510 -0.101259 -0.548465 -0.142782 0.001174 0.025666 -0.029724 0.441468 0.042376 -0.371482 0.181237 -0.056577 0.088648 0.247094 0.648095 0.037786 0.000933 0.224152 -0.279086 0.098060 0.000071 0.137616 -0.052386 0.136535 0.344711 -0.348196 -0.009090 -0.014833 0.418529 -0.299706 -0.097029 0.097817 0.252834 0.071098 0.045179 -0.409357 -0.215562 -0.092767 -0.006593
prf -0.085232 -0.049082 -0.099036 0.237596 0.407127 -0.146910 -0.160384 0.008761 -0.023613 -0.134197 -0.026915 -0.247489 0.264995 -0.822095 -0.010658 -0.293186 -0.037188 0.073632 0.166120 -0.201225 -0.259256 -0.024203 0.106341 -0.089168 -0.111750 0.228776 -0.023896 0.015257 0.113456 -0.283833 0.132835 -0.129380 0.061860 0.047711 0.111971 0.260496 -0.389464 -0.294189 0.028688 0.509689 -0.577818 0.091156 0.344127 0.443356 -0.207323 -0.075775 -0.258426 -0.149405 -0.344687 -0.157770
ppas 0.057146 -0.099382 0.137560 -0.059555 -0.063781 -0.069919 -0.051189 0.019027 0.227265 -0.080481 -0.050213 0.052460 0.055584 -0.186921 -0.074331 0.072071 0.038925 0.097013 0.041643 0.035217 0.058612 0.129604 0.122360 0.053351 0.215571 0.170415 -0.104170 0.141243 0.023046 0.069525 0.145424 -0.002615 0.189106 -0.009652 0.134432 -0.043289 0.160503 0.069947 -0.150176 0.008463 -0.058166 0.003576 0.087004 -0.082704 0.011230 0.018028 -0.147570 -0.094771 -0.004132 -0.140256
ps 0.100156 -0.209596 0.148114 0.119749 0.085339 -0.008548 -0.229586 -0.112067 0.455603 -0.033818 0.085469 0.005637 -0.064526 -0.332952 -0.136569 0.106292 0.037910 0.014892 0.290673 0.204806 -0.179650 0.267239 -0.005065 0.172732 0.385934 0.539348 -0.025653 0.124475 0.172409 -0.120221 0.157011 0.022508 0.256038 -0.058233 0.124718 0.186565 -0.064564 0.065679 -0.097917 0.240070 -0.150381 -0.044534 0.015222 -0.023764 0.161613 0.072048 -0.396282 -0.216357 0.096551 -0.127996
ptkneg -0.002631 0.013722 -0.098559 0.036766 0.259115 -0.249714 -0.059753 0.020370 -0.118279 -0.125378 -0.128290 -0.245609 0.251034 -0.700788 -0.040730 -0.142048 0.021758 0.309638 0.050292 -0.199097 -0.244318 -0.112245 0.108580 -0.100294 -0.145505 0.109586 -0.314344 0.018701 0.028774 -0.274178 0.175769 -0.190735 0.149016 -0.102753 0.130314 0.209673 -0.287069 -0.360119 -0.049653 0.523010 -0.535411 0.051314 0.362302 0.304675 -0.221231 -0.199921 -0.188375 -0.082472 -0.276817 -0.167588
pis 0.025153 0.030719 -0.024507 0.136796 0.403808 -0.182852 -0.094390 0.047416 -0.192088 -0.074579 -0.085388 -0.355544 0.230151 -0.782036 -0.017165 -0.263406 0.042438 0.100204 0.038961 -0.194277 -0.203508 -0.151491 0.158252 -0.207016 -0.108986 0.190872 -0.214535 0.037946 0.066935 -0.238753 0.138615 -0.085513 0.029537 0.059576 0.197845 0.233976 -0.393117 -0.208896 -0.058733 0.367341 -0.566002 -0.032390 0.319372 0.497653 -0.261863 -0.102617 -0.194578 -0.019172 -0.359077 -0.167641
proav -0.152612 0.112265 -0.008047 0.157286 0.297669 -0.175480 -0.126023 0.110222 -0.139710 -0.124320 -0.183061 -0.360145 0.231043 -0.689175 0.022094 -0.279700 0.006365 0.130276 0.110556 -0.340949 -0.132469 -0.089827 0.177398 -0.151184 -0.230525 0.183845 -0.178259 0.029745 0.055255 -0.250764 0.134832 -0.101332 -0.090764 0.037258 0.089058 0.188881 -0.346882 -0.224266 -0.041493 0.330458 -0.493748 0.067982 0.312917 0.452310 -0.329962 -0.126171 -0.171303 -0.068943 -0.501920 -0.163805
ptkzu 0.092971 0.191212 0.093636 -0.136469 0.446216 -0.287028 0.323654 0.134996 -0.482787 0.162930 -0.070732 -0.396248 0.189697 -0.603767 0.331322 -0.337349 0.158459 0.261907 -0.266828 -0.119346 -0.059433 -0.451986 0.436046 -0.198382 -0.262935 -0.153460 -0.531405 -0.193530 0.032158 -0.103420 0.295603 -0.235522 0.181801 0.019943 0.118872 0.287120 -0.387447 -0.483166 -0.065887 0.154943 -0.705138 -0.034884 0.151916 0.536550 -0.516521 -0.162266 -0.071829 0.098334 -0.277731 -0.430305
aglt 0.036487 -0.121712 0.100897 -0.037685 -0.039559 -0.063558 -0.045871 -0.009362 0.223836 -0.097910 -0.046670 0.085695 0.080413 -0.209599 -0.070760 0.066859 0.002226 0.107455 0.044398 0.058366 0.040658 0.121960 0.119954 0.054983 0.209467 0.153275 -0.085708 0.119359 0.018238 0.036103 0.152140 -0.020400 0.237867 -0.014218 0.126172 -0.026692 0.150273 0.049715 -0.156414 0.022389 -0.096832 0.031263 0.097154 -0.094084 0.035604 0.009450 -0.141067 -0.095308 0.016817 -0.119374
ger 0.035116 -0.070166 0.124875 -0.036648 -0.058220 -0.058228 -0.072108 0.023031 0.173685 -0.059461 -0.051452 0.019777 0.044663 -0.165289 -0.071037 0.058159 0.027251 0.078526 0.030763 0.030969 0.049416 0.120493 0.094497 0.047183 0.178372 0.154907 -0.068780 0.131673 0.024502 0.061469 0.110848 0.000075 0.136175 -0.002830 0.130807 -0.035619 0.122296 0.069718 -0.123800 0.012913 -0.056618 -0.002324 0.065959 -0.038282 0.006430 0.030120 -0.125254 -0.090964 -0.001990 -0.110684
pds -0.089827 -0.080098 -0.124810 0.215260 0.413556 -0.159260 -0.093176 -0.051473 -0.118634 -0.149761 -0.063778 -0.203697 0.280369 -0.681339 -0.032278 -0.299824 -0.043413 0.059498 0.108948 -0.159163 -0.150568 -0.042679 0.185770 -0.133607 -0.155330 0.131470 -0.071901 0.023599 0.070770 -0.242573 0.077583 -0.084262 0.067483 0.047853 0.097364 0.183701 -0.339090 -0.214726 -0.035066 0.336686 -0.561937 0.046569 0.287585 0.480395 -0.256431 -0.094536 -0.130017 0.002449 -0.391898 -0.142683
vainf -0.041217 0.094932 -0.042625 -0.024206 0.230672 -0.365248 -0.049531 -0.010598 -0.241045 -0.035266 -0.168113 -0.286368 0.174417 -0.472594 -0.230115 -0.064541 -0.019647 0.324548 -0.088811 -0.145605 0.006541 -0.372578 0.305760 -0.302600 -0.220878 -0.008870 -0.556309 0.215929 -0.078565 -0.156991 0.176950 0.091722 -0.060754 0.034937 0.025215 0.022029 -0.329211 -0.223606 -0.364611 0.262921 -0.510695 0.025521 0.466466 0.213471 -0.347473 -0.268389 -0.163864 0.019835 -0.363720 -0.165776
pred 0.014421 -0.070693 0.066495 -0.034036 -0.025075 -0.055404 -0.041385 -0.014076 0.126534 -0.048573 -0.047525 0.031155 0.034742 -0.157324 -0.058224 0.036004 0.007909 0.074455 0.045481 0.013383 0.020209 0.092011 0.106304 0.015163 0.123969 0.118119 -0.072328 0.078694 0.024929 0.030807 0.108255 -0.005472 0.148846 -0.016393 0.097575 -0.021474 0.104841 0.036838 -0.109396 0.014080 -0.076764 -0.002139 0.069159 -0.018722 -0.006459 0.016790 -0.103635 -0.068099 -0.025739 -0.072969
ppron12 0.027446 -0.065347 0.085091 -0.015488 -0.031424 -0.034071 -0.063294 0.007764 0.147074 -0.054973 -0.026952 0.026938 0.042949 -0.157687 -0.052308 0.039945 0.000360 0.074663 0.043111 0.023111 0.016414 0.086388 0.073273 0.034733 0.138987 0.134089 -0.072590 0.110050 0.027652 0.031826 0.098568 0.000411 0.126150 -0.007665 0.099145 -0.026929 0.085690 0.030527 -0.117141 0.030060 -0.070904 0.009841 0.060140 -0.053125 0.003374 0.011056 -0.133719 -0.069018 -0.008875 -0.089881
pdat 0.129495 0.095779 -0.029501 0.044979 0.443580 -0.024185 0.120031 0.051777 -0.115832 -0.021776 -0.058101 -0.416452 0.143425 -0.707589 0.145372 -0.093523 0.224227 0.155178 0.177261 -0.185192 -0.332947 -0.177058 -0.005305 -0.033122 -0.194504 0.172295 -0.367539 -0.100614 -0.007547 -0.397478 0.166281 -0.372323 0.156058 -0.265987 0.138170 0.290724 -0.214784 -0.258869 0.039882 0.429772 -0.256484 -0.000136 0.005277 0.338414 -0.115092 -0.047313 0.122897 -0.035875 -0.054076 -0.049181
kokom 0.004461 0.141239 -0.066164 0.037351 0.308060 0.007959 0.060276 0.119397 -0.216059 -0.141528 -0.050745 -0.231833 0.263858 -0.646784 0.156702 -0.255108 -0.028124 0.102196 -0.032355 -0.236707 -0.294882 -0.208437 0.117620 -0.208195 -0.148493 0.002429 -0.276452 -0.115133 0.102546 -0.302941 0.131810 -0.312826 0.095166 -0.009462 0.177290 0.185320 -0.285773 -0.328927 0.009655 0.327996 -0.508539 0.096210 0.158324 0.263499 -0.068140 -0.198475 -0.043265 0.022215 -0.217264 -0.192264
pwav -0.063132 0.220110 -0.042655 0.052427 0.293490 -0.079296 0.015570 0.146448 -0.148237 -0.132978 -0.095112 -0.307497 0.226837 -0.559026 0.096631 -0.244937 -0.034671 0.073955 0.037777 -0.331649 -0.199522 -0.265184 0.149320 -0.176478 -0.243428 0.032800 -0.343209 -0.010082 0.036287 -0.311910 0.172767 -0.225367 -0.088999 0.017729 0.047275 0.144966 -0.300146 -0.262018 -0.078287 0.320859 -0.426985 0.123887 0.154292 0.188324 -0.145376 -0.181719 -0.048253 -0.022603 -0.273936 -0.171285
vapp 0.041497 0.069784 -0.072575 0.001263 0.344821 -0.208058 0.069086 -0.028706 -0.310255 -0.011343 -0.084036 -0.249923 0.197887 -0.491591 -0.044202 -0.120323 0.031324 0.262657 -0.111761 -0.058359 -0.054935 -0.353124 0.231238 -0.267682 -0.219748 -0.077060 -0.486156 0.043236 -0.046915 -0.220877 0.104915 -0.059427 0.065277 -0.040418 0.086206 0.086894 -0.308807 -0.276558 -0.200387 0.224981 -0.502383 0.031542 0.271100 0.304084 -0.252833 -0.221792 -0.002034 0.140297 -0.243882 -0.154748
vvizu 0.063472 0.060324 -0.099254 0.022127 0.321034 -0.079401 0.102895 0.009162 -0.199162 -0.098345 -0.059833 -0.216848 0.235500 -0.498634 0.010203 -0.128965 0.021869 0.159380 -0.026829 -0.114349 -0.127847 -0.269530 0.145789 -0.205315 -0.212289 -0.052577 -0.370364 0.046419 -0.026581 -0.262760 0.093484 -0.194957 0.084893 -0.059764 0.073374 0.071089 -0.199492 -0.218528 -0.143750 0.223783 -0.358245 0.050293 0.144483 0.194403 -0.115465 -0.158464 0.095278 0.067916 -0.162610 -0.101010
pact 0.027454 -0.043811 0.054867 -0.016696 0.002150 -0.029401 -0.032863 -0.000337 0.110794 -0.046159 -0.018455 0.009388 0.038003 -0.114813 -0.052184 0.020675 0.022217 0.045157 0.039210 0.016988 0.016668 0.054313 0.055271 0.027561 0.091275 0.104868 -0.043186 0.081036 0.009354 0.008440 0.067990 -0.004425 0.075533 -0.001657 0.064620 -0.013539 0.044380 0.040000 -0.072970 0.018981 -0.049486 0.002391 0.033875 -0.025508 0.001327 0.003695 -0.071748 -0.053759 -0.012330 -0.045795
brev 0.005069 -0.053418 0.034812 -0.007779 0.011774 -0.013649 -0.008958 -0.000329 0.073959 -0.036049 -0.009633 0.003123 0.030221 -0.111824 -0.023139 0.024089 -0.000243 0.046083 0.024480 0.027067 0.007893 0.035920 0.067236 -0.008922 0.080867 0.067371 -0.061388 0.058510 0.016630 0.009016 0.054890 -0.004583 0.092309 -0.011566 0.058396 -0.022220 0.034407 0.006903 -0.085408 0.001501 -0.058609 0.014266 0.045309 -0.028270 0.008057 -0.002711 -0.063258 -0.037408 -0.010461 -0.056920
bedzie 0.000220 -0.047319 0.043948 -0.025053 -0.009928 -0.035728 -0.023361 -0.017527 0.093310 -0.030169 -0.024615 0.028074 0.021263 -0.117192 -0.027900 0.031711 0.008016 0.054699 0.039473 0.018411 0.015830 0.045953 0.047631 0.008228 0.079253 0.092333 -0.051074 0.060823 0.017038 0.013152 0.065093 -0.010816 0.092782 0.000739 0.071467 -0.014590 0.053715 0.019231 -0.079132 0.033676 -0.046955 -0.007506 0.059012 -0.023993 -0.002805 0.015672 -0.065501 -0.040836 0.001445 -0.040477
? 0.017552 -0.085365 -0.032551 0.160208 0.244646 -0.027665 -0.122074 -0.098410 0.099337 -0.003342 0.046993 -0.118519 -0.020074 -0.326154 -0.096690 -0.028853 0.027129 -0.019344 0.204034 0.030038 -0.201318 0.007712 -0.017291 0.007613 0.048814 0.298321 -0.064300 0.012487 0.075089 -0.202446 0.062347 -0.015013 0.057509 -0.048563 0.042281 0.179125 -0.219621 -0.013354 -0.035003 0.242585 -0.187068 -0.056556 0.052632 0.165814 0.011024 0.014415 -0.150268 -0.080836 -0.041644 0.006668
imps 0.020493 -0.038199 0.040786 -0.006907 -0.000093 -0.021314 -0.028564 0.004716 0.085936 -0.020528 -0.026896 0.009783 0.012790 -0.081688 -0.024608 0.026533 0.016021 0.042993 0.020823 0.011611 0.009253 0.049428 0.049252 0.016856 0.067234 0.082440 -0.038775 0.050160 0.004734 0.017222 0.061351 -0.007398 0.078173 0.002941 0.061109 0.001631 0.042359 0.024076 -0.050705 0.021464 -0.034949 0.001197 0.041128 -0.010963 -0.005641 0.018725 -0.054350 -0.038255 -0.010306 -0.034846
vs -0.131900 0.120507 0.231220 -0.207894 -0.122193 0.004178 0.136742 0.189759 -0.203921 0.212424 -0.136437 -0.199711 -0.140031 -0.182428 0.157014 0.090031 0.092662 0.134424 -0.083225 -0.303772 -0.195406 -0.085987 0.074250 -0.275794 0.118663 -0.136223 0.049221 -0.149068 0.076030 0.293458 0.118570 -0.111054 -0.002365 0.034677 0.308011 -0.110765 0.189247 -0.081198 0.062384 -0.095271 0.090577 -0.180020 0.172685 0.063965 -0.076518 0.038940 -0.081597 -0.138636 -0.104582 0.153679
o -0.001285 -0.090557 -0.036452 0.177839 0.259182 -0.019247 -0.164587 -0.103023 0.109914 0.007177 0.078597 -0.120229 -0.021074 -0.366000 -0.120335 -0.015660 -0.002261 -0.044876 0.211494 0.041677 -0.188474 -0.010197 -0.050984 -0.046800 0.080547 0.280957 -0.008846 0.052666 0.055783 -0.183779 0.035895 0.015982 0.040365 0.013978 0.069883 0.158341 -0.224734 -0.000599 -0.026114 0.243108 -0.180352 -0.040247 0.123742 0.150281 0.051946 0.036414 -0.172135 -0.081928 -0.009149 0.051466
trunc 0.075673 -0.027932 -0.153835 0.063891 0.434164 0.002992 0.097192 -0.069021 -0.211914 -0.118269 0.005485 -0.225286 0.223141 -0.592633 0.013244 -0.187183 0.001226 0.033987 0.017155 -0.099496 -0.270904 -0.186342 0.079321 -0.253680 -0.137591 0.001787 -0.220502 -0.023103 0.034193 -0.268902 0.035966 -0.235110 0.135431 -0.039685 0.149695 0.116149 -0.237983 -0.181103 -0.035026 0.233732 -0.370562 -0.049769 0.125409 0.292502 -0.046273 -0.077800 0.089779 0.082101 -0.136572 -0.015156
xy -0.097307 -0.119727 -0.223456 0.114688 0.387972 -0.170137 0.108286 -0.237537 -0.239072 -0.008962 -0.000814 -0.083107 0.129968 -0.270059 -0.040078 -0.133433 -0.045464 0.146585 0.017298 0.023099 -0.058386 -0.179907 0.177626 -0.118544 -0.270570 -0.121134 -0.168780 -0.042523 -0.023001 -0.133617 -0.047261 -0.042274 0.108699 -0.051098 -0.090193 0.093876 -0.289722 -0.261919 -0.076289 0.166147 -0.360037 -0.019167 0.197568 0.307792 -0.258193 -0.096885 0.085008 0.102544 -0.207490 -0.008316
ro 0.023314 -0.106222 0.046738 0.053178 0.080531 -0.018723 -0.076630 -0.068396 0.162645 -0.024907 0.019284 -0.005667 0.002171 -0.199768 -0.035579 0.018626 0.020342 0.048581 0.125528 0.053821 -0.091195 0.105360 0.052171 0.058903 0.127424 0.218382 -0.037615 0.033790 0.086142 -0.053406 0.076272 -0.023002 0.156485 -0.035997 0.083631 0.093286 -0.028845 -0.005822 -0.063510 0.109943 -0.120325 -0.024292 0.033255 0.033608 0.035131 0.008609 -0.139920 -0.068743 -0.008065 -0.064016
impt 0.009591 -0.032830 0.023142 0.001558 0.003550 -0.026353 -0.029011 -0.013164 0.069072 -0.019966 -0.012309 0.013616 0.015677 -0.079095 -0.031880 0.007921 -0.005029 0.017640 0.031098 0.016663 -0.011856 0.027005 0.044003 -0.002818 0.059061 0.054202 -0.030765 0.045039 0.014591 -0.000740 0.051009 0.006607 0.050846 -0.003681 0.043383 -0.005103 0.023833 0.014623 -0.043172 0.016812 -0.035279 -0.000020 0.027570 -0.021815 0.008855 -0.000259 -0.048822 -0.021040 -0.010527 -0.039131
pref -0.185390 0.098592 0.232692 -0.103283 -0.080950 0.087490 0.131068 0.157279 -0.272052 0.261603 -0.047866 -0.070761 -0.177438 0.065995 0.294227 -0.051048 0.033341 0.001959 -0.152089 -0.105884 -0.009443 -0.037417 0.133756 -0.177499 0.105180 -0.177942 0.246642 -0.266163 0.143747 0.356748 -0.000777 -0.023715 -0.022684 0.164162 0.214488 -0.041834 0.060457 -0.106537 0.161003 -0.320783 -0.023411 -0.115342 0.009973 0.218857 -0.126104 0.090047 -0.075797 -0.002730 -0.129775 0.039850
siebie 0.010122 -0.036520 0.031998 -0.000062 0.003300 -0.010403 -0.022857 0.010153 0.076859 -0.023451 -0.013036 0.005392 0.011931 -0.078526 -0.018581 0.025162 -0.000906 0.038775 0.025412 0.025479 -0.007389 0.031707 0.033234 0.013007 0.070279 0.062276 -0.032642 0.049750 0.016566 0.015278 0.053969 0.002201 0.059101 0.010835 0.042325 0.001399 0.033220 0.018773 -0.051499 0.015167 -0.050412 0.010158 0.041827 -0.014034 0.016677 -0.000092 -0.063015 -0.038003 0.005364 -0.051781
koui 0.013707 0.155805 -0.038170 0.021930 0.258266 -0.014213 0.024592 0.115321 -0.174844 -0.087251 -0.052840 -0.275658 0.169136 -0.490217 0.062257 -0.179756 -0.004489 0.039596 -0.004216 -0.246952 -0.187846 -0.230447 0.075116 -0.210206 -0.172333 0.006020 -0.273419 -0.010952 0.014054 -0.249665 0.100342 -0.188618 -0.042328 0.022751 0.114415 0.101287 -0.226709 -0.181295 -0.047415 0.232507 -0.321699 0.042799 0.132456 0.175877 -0.057618 -0.144415 0.008076 0.031379 -0.182319 -0.090419
i -0.065788 -0.010496 0.041434 0.069557 0.145014 -0.004024 -0.087783 -0.002602 0.020044 0.053548 0.013804 -0.128508 -0.035770 -0.278506 -0.018941 -0.048089 -0.007061 -0.042169 0.122101 -0.077617 -0.179178 -0.038995 0.022996 -0.101571 0.075126 0.145386 0.028078 -0.014349 0.074504 -0.047624 0.067196 -0.014830 -0.007779 0.063860 0.091564 0.082257 -0.124671 -0.033634 -0.003922 0.125393 -0.142737 -0.058910 0.102222 0.097228 0.006367 0.015984 -0.153207 -0.102953 -0.068085 0.033785
z 0.008009 -0.053724 -0.025329 0.121278 0.173841 -0.013014 -0.116305 -0.062413 0.076237 0.001495 0.054408 -0.088887 -0.001119 -0.250279 -0.067325 -0.023384 -0.001432 -0.006320 0.126707 0.016316 -0.126315 -0.016831 -0.004037 -0.038211 0.040851 0.178172 -0.019821 0.027296 0.044225 -0.122590 0.034812 0.014556 0.017201 0.013457 0.049390 0.092495 -0.166503 -0.014199 -0.015775 0.180691 -0.144749 -0.019629 0.079107 0.105819 0.035977 0.003894 -0.116993 -0.061172 -0.035245 -0.003323
hd 0.025237 -0.063296 0.035648 0.034220 0.060103 -0.009840 -0.061197 -0.036792 0.106394 -0.002543 0.009439 -0.017719 -0.005071 -0.146245 -0.030754 0.018982 0.018865 0.010906 0.094720 0.024126 -0.059318 0.057189 0.017063 0.045377 0.099566 0.150875 -0.019264 0.013379 0.043070 -0.037520 0.064155 -0.024523 0.093465 -0.034623 0.050488 0.060947 -0.021528 0.003480 -0.025220 0.081749 -0.065898 -0.017247 0.006747 0.023566 0.017038 0.009122 -0.109982 -0.065108 -0.011268 -0.039974
pws 0.016243 0.076112 -0.029689 0.036662 0.200747 -0.065573 0.008063 0.039332 -0.100123 -0.055296 -0.049352 -0.190640 0.130456 -0.369061 0.010544 -0.122348 -0.000655 0.047707 0.003758 -0.146746 -0.114981 -0.141070 0.076904 -0.110844 -0.121721 0.042329 -0.178104 0.015452 0.005010 -0.181433 0.089994 -0.103687 -0.019762 0.008178 0.057508 0.084762 -0.176346 -0.114743 -0.047361 0.194158 -0.255619 0.017933 0.112904 0.148751 -0.089650 -0.094476 -0.027123 0.002593 -0.133291 -0.082132
vminf 0.013650 0.064422 0.003739 -0.026849 0.188177 -0.133470 0.065980 0.052191 -0.169204 -0.006639 -0.050132 -0.165106 0.122702 -0.333850 0.037892 -0.152680 0.005840 0.086585 -0.073493 -0.102563 -0.057176 -0.158571 0.159525 -0.130062 -0.095581 -0.032760 -0.193548 -0.017318 0.017871 -0.068358 0.103328 -0.066035 0.029696 0.046264 0.076978 0.083531 -0.178957 -0.163904 -0.068996 0.116196 -0.318160 -0.024749 0.144199 0.210833 -0.173026 -0.092225 -0.064431 0.032789 -0.172595 -0.141023
; 0.007581 -0.026373 -0.019828 0.080675 0.136898 -0.006178 -0.073567 -0.051894 0.039763 -0.003319 0.021723 -0.070396 0.006829 -0.198298 -0.053939 -0.015808 0.010069 -0.008094 0.084440 0.019293 -0.101645 -0.012296 -0.013164 -0.017954 0.018918 0.136584 -0.043504 0.011375 0.021606 -0.112325 0.032390 -0.004597 0.028838 -0.018595 0.033233 0.092537 -0.135210 -0.029470 -0.020906 0.141172 -0.104374 -0.007576 0.047404 0.099991 0.008259 0.006012 -0.076545 -0.032143 -0.017007 -0.008982
uo -0.030480 -0.074328 0.049744 0.051666 0.066521 -0.055496 -0.100386 -0.056197 0.099728 0.004596 -0.034924 -0.028015 0.001230 -0.209568 -0.078475 0.017292 0.009105 0.030956 0.115459 -0.002003 -0.059033 0.064572 0.064197 -0.009471 0.117700 0.199906 -0.021212 0.031343 0.067104 -0.018389 0.075006 0.033559 0.107857 -0.000712 0.101932 0.058243 -0.040871 0.031151 -0.075555 0.080183 -0.123601 -0.055670 0.109766 0.079080 -0.006511 0.012238 -0.152791 -0.050316 -0.070599 -0.018048
advwh -0.118925 0.070164 0.125096 -0.086121 -0.039080 -0.012660 0.076410 0.108764 -0.123538 0.119328 -0.086779 -0.105343 -0.066440 -0.093006 0.105251 0.005499 0.035022 0.055738 -0.029326 -0.176603 -0.065842 -0.042025 0.095786 -0.130266 0.025431 -0.069239 0.055750 -0.091671 0.055405 0.170536 0.057810 -0.036172 -0.020254 0.043111 0.132551 -0.037654 0.062013 -0.053284 0.039440 -0.082654 -0.003667 -0.083362 0.105822 0.083481 -0.098594 0.019227 -0.053384 -0.072013 -0.119037 0.057470
appo 0.030410 0.014866 -0.039420 0.038751 0.202077 -0.019343 0.033578 0.009366 -0.075543 -0.065006 -0.025619 -0.124556 0.106757 -0.303877 0.065132 -0.106259 0.036008 0.043985 0.032720 -0.058948 -0.101760 -0.090116 0.042946 -0.034443 -0.094417 0.032770 -0.148892 -0.041500 0.030278 -0.158915 0.053256 -0.150233 0.068937 -0.055539 0.041817 0.111706 -0.130478 -0.139726 0.008020 0.151514 -0.207890 0.040858 0.034117 0.156632 -0.067324 -0.066685 0.024620 0.023949 -0.085917 -0.081526
! -0.036522 -0.057527 -0.006916 0.072148 0.112505 0.001916 -0.088518 -0.066746 0.046693 0.027468 0.028263 -0.057040 -0.035603 -0.184999 -0.040075 0.001951 -0.010482 -0.013814 0.122391 0.000582 -0.110690 0.018000 -0.005443 -0.018360 0.058615 0.136402 0.017091 -0.000950 0.051017 -0.064409 0.029637 -0.004244 0.037190 0.006041 0.048982 0.075958 -0.105311 -0.005851 -0.006750 0.101007 -0.091984 -0.029054 0.067386 0.079660 0.013379 0.010349 -0.096566 -0.050866 -0.032212 0.025849
prowh -0.055309 0.068259 0.140503 -0.073389 -0.023995 -0.046541 0.030080 0.110525 -0.116283 0.121183 -0.052154 -0.111223 -0.064171 -0.105332 0.089686 -0.037280 0.053220 0.010974 -0.071104 -0.135729 -0.045941 -0.043252 0.069101 -0.110020 0.062248 -0.028976 0.041039 -0.089457 0.054498 0.141576 0.068092 -0.013356 -0.024530 0.083484 0.146721 0.009509 0.016492 -0.013332 0.054032 -0.070371 -0.046221 -0.104569 0.091624 0.121375 -0.085781 0.029587 -0.092151 -0.041504 -0.092572 0.013851
fm -0.035453 0.033705 0.000599 0.001215 0.135928 -0.059591 0.042115 -0.001518 -0.162503 0.033752 -0.033979 -0.133676 0.023819 -0.228923 0.027768 -0.064975 0.014232 0.067864 -0.039665 -0.078980 -0.089862 -0.124561 0.094747 -0.154207 -0.058318 -0.036440 -0.088156 -0.050730 0.029414 -0.033167 0.019103 -0.040677 0.022549 0.023750 0.083730 0.046823 -0.142439 -0.122114 -0.000436 0.075406 -0.201591 -0.043159 0.135625 0.187510 -0.122104 -0.048721 -0.026132 0.027909 -0.128485 -0.014674
vimp -0.078534 0.085614 0.103322 -0.082958 -0.043399 0.009483 0.067791 0.106026 -0.128008 0.106982 -0.056569 -0.083816 -0.053489 -0.045681 0.103662 -0.019340 0.006854 0.022406 -0.076587 -0.123800 -0.048245 -0.058528 0.079263 -0.120141 0.035816 -0.068835 0.037613 -0.099270 0.062104 0.136059 0.033723 -0.033795 -0.027990 0.071800 0.128622 -0.034169 0.033400 -0.049823 0.051833 -0.089499 -0.037104 -0.059400 0.059798 0.076949 -0.062987 0.004960 -0.049466 -0.019672 -0.080403 -0.001017
winien 0.010727 -0.008210 0.006069 0.005264 -0.001819 -0.003098 -0.011270 -0.000314 0.015846 -0.007475 0.001118 0.001285 0.006356 -0.028593 -0.014723 -0.000805 -0.006273 0.010745 0.009590 0.005118 0.001208 0.002327 0.016223 0.003361 0.006084 0.007992 -0.013498 0.010782 0.011878 0.008667 0.018412 -0.007558 0.021364 -0.007493 0.018509 -0.003228 0.010383 0.009275 -0.011028 -0.000548 -0.015675 0.005023 0.005270 -0.006203 0.001542 0.001779 -0.022810 0.003361 -0.003158 -0.007677
ptka 0.009611 0.043824 -0.001295 -0.001819 0.139850 -0.069688 0.044784 0.045809 -0.099596 -0.008325 -0.047275 -0.131027 0.089948 -0.286681 0.053285 -0.125464 0.013005 0.042253 -0.015231 -0.116044 -0.098118 -0.078065 0.084070 -0.077275 -0.069693 0.004054 -0.100751 -0.056105 0.029576 -0.060920 0.079545 -0.103916 0.046839 0.002446 0.077656 0.096042 -0.107327 -0.127752 -0.002346 0.110424 -0.210557 -0.015046 0.083609 0.169349 -0.104861 -0.046260 -0.040327 -0.008431 -0.114159 -0.092482
p+pro -0.103008 0.067538 0.158701 -0.103802 -0.030302 -0.028459 0.108831 0.115316 -0.147959 0.133193 -0.106903 -0.129961 -0.068684 -0.124669 0.163946 -0.038563 0.070448 0.026926 -0.041135 -0.192119 -0.082099 -0.009100 0.087089 -0.100520 0.060362 -0.054084 0.088815 -0.149536 0.073181 0.190317 0.087372 -0.094481 0.018290 0.033598 0.196834 0.006671 0.082403 -0.035335 0.091261 -0.114447 0.000712 -0.142344 0.058430 0.150455 -0.128532 0.071877 -0.052051 -0.070102 -0.110939 0.040257
prelat 0.015911 0.073442 -0.003312 0.014876 0.177031 -0.050354 0.025164 0.033241 -0.100654 -0.010215 -0.009738 -0.157196 0.077810 -0.299284 0.035574 -0.102264 0.009658 0.027948 -0.006126 -0.121227 -0.111181 -0.135832 0.053120 -0.106485 -0.079253 0.019166 -0.129860 -0.021978 0.016241 -0.119761 0.080132 -0.074477 -0.018042 0.020879 0.061661 0.082312 -0.152996 -0.104358 -0.016935 0.144881 -0.199883 -0.006093 0.082218 0.146153 -0.080688 -0.060459 -0.026872 -0.009180 -0.101144 -0.051002
apzr 0.022500 0.022752 -0.030302 0.041442 0.151937 -0.059638 -0.000384 0.020045 -0.053763 -0.031870 -0.014118 -0.112678 0.080429 -0.245085 0.021738 -0.090720 0.016090 0.016543 0.020256 -0.070067 -0.084396 -0.060178 0.045138 -0.031242 -0.063500 0.047170 -0.098552 -0.018708 0.017086 -0.106847 0.048670 -0.079625 0.025604 -0.002032 0.025620 0.092395 -0.122493 -0.083659 -0.005671 0.127671 -0.184879 -0.000973 0.064870 0.130425 -0.065306 -0.042486 -0.036464 0.005525 -0.088693 -0.072076
vvimp -0.015615 0.023129 -0.018135 0.007018 0.065742 -0.023893 0.011474 0.016769 -0.063724 -0.020585 -0.022554 -0.055688 0.059990 -0.144805 0.024227 -0.058182 -0.015261 0.025591 0.003614 -0.045278 -0.061963 -0.041962 0.039221 -0.051155 -0.046556 -0.005057 -0.064592 -0.030797 0.010150 -0.064084 0.028394 -0.051031 0.009937 0.004071 0.022037 0.032391 -0.074963 -0.081827 -0.010801 0.081914 -0.121259 0.010173 0.048080 0.063479 -0.039342 -0.031601 -0.005757 0.001444 -0.072008 -0.020992
pwat -0.009716 0.036358 0.011682 -0.004351 0.088152 -0.022669 0.039521 0.044367 -0.079579 -0.011194 -0.028252 -0.102365 0.046348 -0.199646 0.055361 -0.072771 0.028877 0.031728 0.004564 -0.088534 -0.071253 -0.046177 0.051023 -0.048073 -0.048652 0.021913 -0.086431 -0.034739 0.015593 -0.052333 0.062768 -0.095807 0.023949 -0.016705 0.068329 0.063142 -0.064544 -0.066678 0.006504 0.079612 -0.110189 -0.026592 0.037349 0.114607 -0.062660 -0.016269 -0.004800 -0.005440 -0.067731 -0.032519
in -0.010354 -0.028629 -0.001730 0.019082 0.020495 -0.009223 -0.025850 -0.008738 0.041138 -0.012164 0.001897 -0.002480 0.012025 -0.069697 -0.028080 0.013506 -0.003180 0.003280 0.033323 0.011545 -0.019908 0.020206 0.013596 -0.012116 0.031384 0.041317 -0.000244 0.023186 0.014616 -0.005667 0.020333 0.015134 0.020012 0.015955 0.007743 0.015503 -0.019355 0.006151 -0.014605 0.041923 -0.032132 0.004689 0.040029 0.001632 0.001304 -0.010142 -0.042131 -0.036774 -0.002972 -0.011213
adjp 0.015052 -0.004347 0.015309 0.001856 -0.003196 -0.004331 -0.004950 0.002355 0.023619 0.003001 -0.002484 0.010136 -0.001896 -0.023115 -0.013243 0.003545 -0.008378 0.013814 0.009718 -0.005283 -0.004891 0.003011 -0.002507 0.009287 0.009612 0.022145 -0.005403 0.018935 0.008119 0.007393 0.008280 0.001747 0.015909 -0.003318 0.007369 0.001993 -0.005580 0.005370 -0.010831 0.012482 -0.011476 0.009758 0.007072 -0.010726 0.008443 0.002943 -0.021910 -0.008498 0.005231 -0.001533
y 0.001743 -0.017015 0.000898 0.030393 0.064843 -0.010845 -0.039490 -0.019908 0.016544 0.008156 0.011051 -0.030168 -0.012261 -0.101881 -0.022506 -0.010143 0.005905 -0.003849 0.047972 -0.000586 -0.055598 -0.006474 0.014054 -0.023123 0.005919 0.059655 -0.004104 -0.001596 0.009480 -0.033443 0.015261 -0.011091 0.003673 0.009506 0.012095 0.040546 -0.053414 -0.020019 -0.011450 0.062942 -0.062815 -0.006743 0.024883 0.055554 -0.004077 0.001632 -0.052966 -0.030012 -0.025350 -0.006601
ptkant -0.005556 0.019374 0.000740 -0.000468 0.066782 -0.014025 0.010871 0.017631 -0.034917 -0.002599 -0.006444 -0.060526 0.036419 -0.114763 0.001309 -0.042011 0.002875 0.003870 0.012020 -0.048341 -0.049776 -0.046878 0.024909 -0.030970 -0.031579 0.012031 -0.059116 -0.009028 0.003753 -0.038811 0.026099 -0.034492 -0.014145 0.001344 0.017969 0.019835 -0.044240 -0.035298 -0.001257 0.065808 -0.054212 0.002706 0.023704 0.037981 -0.014610 -0.024511 -0.012253 -0.005225 -0.020722 -0.014931
hs -0.001047 -0.008900 0.002608 0.006623 0.009424 0.000699 -0.007835 -0.004834 0.031906 -0.009243 -0.005803 -0.009245 0.003802 -0.038473 0.003342 -0.003559 -0.001952 0.005716 0.014303 0.009927 -0.011124 0.026365 0.004189 0.016455 0.009610 0.041149 -0.012793 0.008285 0.013716 -0.020549 0.018089 -0.009117 0.020382 -0.002150 -0.000450 0.021490 -0.019509 -0.000131 -0.005881 0.028382 -0.026933 0.006229 0.000653 0.014174 -0.003273 -0.000212 -0.021569 -0.009349 -0.002219 -0.004066
adjwh -0.073715 0.047748 0.100720 -0.056792 -0.042916 -0.004945 0.068315 0.079765 -0.122289 0.098883 -0.048646 -0.066726 -0.059666 -0.042989 0.091741 -0.017316 0.019736 0.028807 -0.054953 -0.096438 -0.050763 -0.033606 0.051388 -0.098591 0.042388 -0.064423 0.044464 -0.084698 0.057248 0.130078 0.036811 -0.018565 -0.017458 0.048035 0.115573 -0.022997 0.032797 -0.034950 0.039381 -0.090989 -0.005768 -0.074292 0.058315 0.086630 -0.058729 0.019341 -0.040638 -0.016500 -0.063944 0.027884
detwh 0.001090 -0.002646 0.030469 -0.014410 0.004862 0.012937 0.005715 0.023425 -0.022955 0.035717 0.001837 -0.021965 -0.015084 -0.008848 0.029481 -0.005430 0.009372 -0.010090 -0.017816 -0.010314 -0.007498 0.006238 0.014368 -0.014124 0.030680 -0.013534 0.023928 -0.033685 0.009043 0.038943 -0.002022 -0.006375 0.002612 0.032971 0.030082 -0.001867 0.015269 0.008285 0.035874 -0.038518 -0.001331 -0.025299 -0.005974 0.034656 0.002209 0.010955 -0.012016 -0.004322 -0.004097 0.008837
itj -0.006214 0.003483 0.003753 0.000875 0.030021 -0.008007 -0.005266 0.008535 -0.016229 0.012581 -0.010617 -0.024930 0.016226 -0.026631 -0.003544 -0.009016 0.007187 0.016869 0.002159 -0.016120 -0.019527 -0.022225 0.001278 -0.015917 -0.005564 0.000252 -0.011095 -0.000977 -0.004008 -0.014083 0.005797 0.002110 0.003942 -0.009174 0.011144 0.007737 -0.016409 -0.020107 0.008474 0.018656 -0.027664 -0.010685 0.004859 0.021246 -0.028413 -0.015054 -0.008418 0.007796 -0.017562 -0.016286
pposs -0.003095 0.005161 -0.002388 0.004887 0.032569 -0.022208 -0.004763 0.006576 -0.028401 -0.021845 -0.004441 -0.026673 0.030407 -0.060014 0.007107 -0.027337 0.003536 0.015528 -0.000190 -0.031785 -0.016401 -0.022781 0.024508 -0.021604 -0.015755 0.002822 -0.039636 -0.002167 0.001996 -0.034603 0.023627 -0.023521 0.005702 0.005144 0.020511 0.030656 -0.031807 -0.036896 -0.011623 0.032234 -0.068330 0.008011 0.025408 0.027885 -0.014045 -0.020323 0.000048 0.015003 -0.039262 -0.024009
depr 0.009415 -0.008165 -0.004522 -0.007898 -0.002191 -0.004220 0.000266 -0.003035 0.008565 0.005799 0.007220 -0.007410 0.001501 -0.005704 0.007365 -0.009700 -0.007885 -0.002479 -0.001958 -0.004456 -0.008079 -0.007625 -0.003641 0.009016 -0.005852 0.004946 -0.004836 -0.009255 -0.009679 -0.006946 -0.000758 0.005118 0.004576 -0.002952 -0.000417 0.006281 0.006768 -0.003602 -0.009915 -0.009061 0.004756 -0.004547 -0.000370 -0.006159 0.006942 0.000068 0.000543 -0.004238 0.000240 -0.009961
adjc 0.001315 0.008176 -0.006986 0.006910 0.006404 -0.000013 -0.009248 -0.007050 0.008453 -0.009117 -0.002550 0.002381 -0.006061 0.009622 -0.006880 0.000794 0.002360 -0.005380 -0.000674 -0.000180 0.005337 0.002686 -0.000649 0.003339 -0.000932 0.000514 0.003171 -0.006376 0.005761 0.002057 0.009607 -0.005552 -0.000675 0.007913 0.002029 0.004519 -0.001727 0.003686 0.008921 -0.005996 0.006147 0.009391 -0.009709 -0.005696 -0.007652 0.005348 -0.008376 0.009968 -0.002208 0.008104
- -0.000122 0.008004 -0.009528 0.003190 0.003124 0.007675 0.000728 0.003813 -0.001747 0.006532 0.003700 -0.007840 -0.007202 -0.006839 -0.007589 -0.005394 -0.001533 0.003415 -0.003268 0.000395 0.006422 0.007692 0.004090 0.006690 -0.003818 0.005812 0.008333 -0.009232 -0.001087 -0.005201 -0.000120 0.002350 -0.005819 0.007489 -0.004882 0.004272 0.007045 0.008648 0.009115 0.003604 0.002570 0.001919 -0.000298 -0.002791 -0.009585 0.004973 -0.002126 -0.004413 0.005551 0.003205
