168 25
noun 0.490290 0.501694 1.211030 -0.059403 0.055648 -1.821644 -0.891395 0.432660 -0.395060 0.980796 -0.391145 -0.085940 -0.765872 -0.299671 -0.875071 0.493839 -0.138120 1.248292 1.108485 0.194118 -0.858163 -0.226476 -0.156207 0.777517 -0.237224
. -0.262309 0.384166 0.146317 -0.340804 0.204723 -1.856287 -0.029086 0.746324 -0.260804 0.498707 0.253693 -0.348254 -0.552352 0.100980 -0.655254 0.396161 -1.010756 1.070212 -0.220157 -0.050268 -1.087306 -0.720414 0.491061 0.561959 0.043052
verb -0.156134 0.584132 1.384011 -0.238336 0.029156 -1.495494 0.037957 -0.237915 -1.058004 0.341868 0.368383 -0.296762 -0.764305 0.101656 -1.057643 -0.156995 -1.186673 0.969802 0.137700 0.635133 -1.116343 -0.559361 0.126719 0.781263 0.824334
adp -0.230337 0.238128 0.649975 -0.478288 -0.225179 -1.551034 -0.192019 0.494174 -0.283223 0.399548 0.296174 -0.658485 -0.796860 -0.040038 -1.009977 0.232151 -0.795888 0.841451 0.168528 -0.237028 -1.356430 -0.742332 0.144720 0.823762 0.124992
det 0.264875 0.060955 0.321259 -0.266737 -0.468437 -1.542199 -0.380133 1.073677 -0.905040 0.321651 0.350942 -0.122892 -0.344813 0.740610 0.015912 0.180078 -0.494109 0.964444 0.128194 0.194956 -0.002664 -0.822914 0.485167 0.693696 0.232366
adj -0.011098 0.681321 0.363497 -0.890045 0.203351 -1.743911 -0.527455 0.196365 -0.543621 0.292482 -0.188380 -0.529490 -0.636505 0.142204 -0.933265 0.202537 -0.490336 1.099190 0.286891 -0.172055 -0.868975 -0.003685 -0.135198 0.020892 -0.110764
nc+fr 0.587069 0.449082 0.845693 -0.534643 0.632541 0.983426 -0.615443 -0.512020 -0.465595 0.191086 0.609331 -0.155876 -0.701427 -0.084197 -0.558788 0.450164 0.087717 0.170755 -0.186084 -0.573634 -0.392554 -0.605423 0.155637 -0.052573 0.059031
n+hu -0.856932 -0.223294 -0.014805 -0.338501 -0.135087 -1.072466 -0.577261 0.505105 -0.648922 0.380569 0.266223 0.237150 -1.022836 -0.542816 0.501165 0.336083 0.007776 0.947071 -0.275611 0.610231 0.550276 -0.019420 0.231602 -0.398494 0.208852
adv 0.249392 0.654943 1.165590 -0.163937 -0.411311 -1.272528 -0.311996 0.526636 -0.372209 0.564516 -0.076489 -0.491064 -0.796960 0.185085 -0.838011 0.082415 -0.845467 1.211636 0.020576 0.142373 -0.826521 -0.793733 -0.008503 0.162128 -0.065988
pron -0.234621 0.778783 0.411290 -0.382977 -0.260559 -1.440273 0.216696 0.448789 -0.349837 0.679023 0.183767 0.163176 -0.481485 0.393805 -0.176706 0.200020 -0.920893 1.343360 -0.042440 0.683408 -0.708252 -0.654316 -0.184572 0.264127 -0.326209
det+fr 0.436954 -0.469752 -0.128262 -1.078610 0.141794 0.388428 -0.014047 0.498449 -0.605828 -0.314058 1.063637 0.207162 -0.297268 0.214258 0.180463 -0.144029 -0.276099 0.181014 -0.306130 -1.037949 -0.299651 -0.651126 -0.243047 0.720982 0.372579
conj -0.062733 0.315401 0.604840 -0.601605 -0.656217 -1.428061 -0.071488 0.477135 -0.540402 0.419090 0.359607 -0.434809 -0.546185 0.322273 -0.911481 -0.201016 -0.774532 0.903059 0.026542 -0.002571 -0.739811 -0.625293 0.123298 0.510687 0.088317
ponct+fr 0.649899 -0.040376 0.159995 -0.244167 0.704193 0.638078 0.349245 0.328806 -0.067396 0.183142 0.965848 0.414787 -0.191947 -0.262421 0.363044 0.176350 0.005517 0.299367 -0.509267 -0.197219 -0.747919 -0.295599 -0.090473 0.555985 -0.271591
p+fr 0.389317 -0.115620 0.088537 -0.362635 0.458496 0.979440 0.468570 -0.064354 -0.194311 0.010883 0.576414 0.135888 0.121283 0.028768 0.416806 0.257974 0.455726 -0.009348 0.234416 -0.359827 -0.688050 -0.422983 -0.828758 0.605069 -1.033094
nn+sv 0.160307 0.542635 0.857781 -0.161186 0.030710 -1.480513 -0.756697 0.375455 -0.477442 0.839014 -0.317817 0.048679 -0.656032 -0.020545 -0.683845 0.333810 -0.281527 1.177818 0.759986 0.233192 -0.495468 -0.279772 -0.080753 0.454383 -0.209935
nn+de -0.222744 -0.359475 0.313404 -0.364286 0.155890 0.065502 -0.893831 0.013035 -0.432380 0.617537 0.341135 0.791314 -0.984431 -1.249294 0.158088 0.259383 0.243453 0.736602 -0.539671 0.040532 0.589965 0.161982 0.325756 -0.672345 0.568096
subst+pl -0.178879 0.298325 0.397012 -0.435032 -0.031444 -1.872158 -0.735889 0.848286 -0.768038 0.605514 0.082041 0.020847 -0.839085 0.091743 -0.495276 0.010672 -0.519317 1.500594 0.051144 0.361937 -0.295480 -0.146919 0.163385 0.203049 -0.048948
a+hu -1.063589 -0.449866 -0.685282 -0.611800 0.017943 -0.695176 -0.301669 0.229126 -0.289512 0.069443 0.351696 0.289343 -0.762596 -0.677060 0.561819 0.083580 0.208825 0.365928 -0.461944 0.189216 0.850472 0.386345 0.253225 -0.765219 0.307535
t+hu -0.353890 -1.023106 -0.290157 -0.108130 -0.550230 -1.002549 -0.120151 0.876967 -0.521335 0.053396 0.383461 0.601392 -0.404107 -0.592336 0.957307 -0.276215 -0.036366 0.544921 -0.487014 0.253028 1.051762 0.107326 0.381115 -0.169026 0.874032
vb+sv 0.009431 0.469528 0.822871 -0.307589 0.163496 -1.081129 -0.084558 0.142879 -0.791490 0.170310 0.199032 -0.090141 -0.538804 0.256294 -0.704676 -0.136090 -0.957507 0.825542 0.117834 0.329413 -0.740876 -0.397421 0.003257 0.459907 0.524490
adj+fr -0.078226 -0.272139 -0.271320 -0.682587 0.138584 1.108428 -0.559167 0.192365 -0.081769 0.209763 0.648288 0.349941 -0.131749 -0.156128 -0.452711 0.165934 0.312023 -0.180636 -0.128282 -0.965013 -0.576969 -0.157369 -0.128780 0.879424 -0.355090
v+hu -0.813026 -0.178565 0.186579 -0.398511 -0.270556 -1.067529 0.023917 -0.414178 -0.464029 0.337803 0.329772 0.314383 -0.841735 -0.879026 0.184612 -0.218442 -0.193005 0.594763 -0.192062 0.554120 0.534996 0.302132 -0.030810 -0.599564 0.639417
art+de -0.259149 -1.367689 -0.414321 -0.578486 -0.562301 -0.260720 0.108575 0.630845 -0.292431 -0.151382 0.652678 0.751297 -0.440996 -0.813883 1.189046 -0.281212 0.148094 0.198362 -0.343786 -0.584791 1.088378 -0.221381 -0.110785 -0.008759 0.916808
r+hu -0.658617 -0.096080 0.006526 -0.177297 -0.397316 -1.277576 -0.047661 0.416260 0.087326 0.646282 0.084434 0.649852 -0.750104 -0.736039 0.442205 0.029103 -0.258944 1.035244 -0.190029 0.555819 0.482722 0.052668 0.020073 -0.291340 0.137747
pp+sv -0.081356 0.165707 0.207102 -0.478209 -0.002025 -1.247153 -0.110906 0.508052 -0.420745 0.199306 0.258117 -0.270795 -0.386977 0.224055 -0.655593 -0.086049 -0.673011 0.658469 0.111244 -0.207685 -0.880053 -0.345832 0.025341 0.722187 0.139017
interp+pl -0.606279 0.110463 -0.045739 -0.351938 -0.196960 -1.494456 -0.279881 0.723849 -0.142999 0.466497 0.311334 -0.147121 -0.819381 -0.126027 -0.224350 0.323263 -0.613584 0.843864 -0.389598 0.114837 -0.122086 -0.504509 0.726452 0.032878 0.273413
v+fr 1.011381 -0.498737 -0.014104 -0.316933 0.767355 0.336471 0.506437 -0.500834 0.239195 0.340342 0.686501 0.678547 0.352591 -0.776906 0.447425 0.265195 0.519666 -0.052337 -0.298876 -1.027489 0.169603 -0.329060 0.378555 0.324341 0.211601
,+hu -0.901571 -0.242590 -0.411447 0.084540 0.203003 -0.371933 0.333082 0.401386 0.350851 0.086427 0.289009 0.670227 -0.729010 -0.935508 1.162922 0.479650 -0.437956 0.493664 -0.930738 0.649377 0.524871 -0.093826 0.488049 -0.747758 0.675623
appr+de -0.111520 -0.929040 0.184014 -0.076848 -0.739098 0.525192 -0.769023 0.676269 0.339126 0.669693 0.370059 1.091621 -0.555822 -1.372213 -0.125899 -0.522573 0.457564 0.163475 -0.275385 -0.491009 0.177842 0.625578 -0.105078 0.490050 0.473293
c+hu -0.808055 -0.509650 -0.251053 -0.505306 -0.601158 -0.801530 -0.474178 0.236201 -0.326209 0.620742 0.310561 0.669700 -0.703852 -0.969650 0.216804 -0.371365 0.453179 0.682137 -0.187669 0.337497 0.844012 0.767163 -0.080893 -0.421185 0.060316
num -0.630460 0.450003 0.335498 -0.650867 0.024432 -1.182679 -0.323835 0.508984 -0.569043 -0.025335 -0.310364 -0.198515 -0.902721 0.236053 -0.242219 0.265413 -0.796023 0.928088 0.532465 0.120878 -0.580631 -0.499581 -0.687839 0.048867 0.080821
adv+fr 0.614336 0.250590 0.666297 -0.876060 -0.057939 0.251163 0.096458 -0.127355 0.167471 0.479420 0.428302 0.760848 -0.536068 -0.332057 -0.170572 -0.130566 -0.192072 0.577284 0.258727 -0.790420 -0.236215 -0.563805 -0.586621 0.251495 0.034553
npp+fr 0.483122 0.015488 -0.171802 -0.988379 0.784556 -0.096628 -0.460611 0.288131 -0.832599 0.534657 1.036481 0.154931 -0.333343 0.064589 0.070896 0.558887 0.804708 0.618479 -0.332537 -0.611471 -0.218303 -0.319092 0.392839 0.481257 -0.814556
ne+de -0.045656 -0.773820 0.490925 -0.167785 0.148993 -0.154468 0.045274 -0.005323 0.073854 0.135208 0.578626 0.644422 -1.120924 -1.677010 0.908103 -0.308457 0.401228 0.390939 -0.315183 -0.003471 0.508223 0.647729 -0.415918 -0.563421 0.722131
adja+de -0.847306 -0.962235 -0.301495 -0.714260 -0.384839 0.602432 -1.014412 -0.158593 0.005826 0.280033 0.292706 0.669455 -0.718881 -1.311008 -0.227458 -0.145956 0.622063 -0.276546 -0.111148 -0.967999 0.661010 0.510637 -0.042008 -0.035600 0.656497
jj+sv -0.145288 0.278595 0.196188 -0.490355 0.033109 -1.214678 -0.314106 0.359280 -0.492783 0.130253 -0.001132 -0.256091 -0.447223 0.167168 -0.544942 -0.040420 -0.434396 0.670651 0.313065 -0.059870 -0.548218 -0.055567 -0.159566 0.294322 0.038134
prep+pl -0.890404 0.093607 -0.019527 -0.293279 -0.244303 -1.467167 -0.371951 0.534573 -0.130928 0.424059 0.206915 -0.209047 -0.852441 -0.209628 -0.440217 0.274838 -0.638653 0.704179 -0.264891 0.156182 -0.210865 -0.409773 0.686484 0.079010 0.397451
ab+sv 0.196259 0.380025 0.535820 -0.160950 -0.035099 -1.059946 -0.138721 0.373475 -0.477634 0.394006 0.011340 -0.056787 -0.315215 0.278719 -0.301746 0.031800 -0.532642 0.948244 0.121193 0.317331 -0.411172 -0.411820 0.004685 0.267415 -0.062562
adj+pl -0.367071 -0.002103 0.024844 -0.578748 0.150843 -1.512010 -0.532246 0.537062 -1.003443 0.149639 0.210646 -0.311043 -0.683940 0.116335 -0.204016 0.055456 -0.356465 1.033743 -0.189733 0.194615 0.044823 -0.171922 0.316379 -0.162289 0.189881
p+d+fr 0.990723 -0.631341 0.392410 -0.497717 0.407135 0.646962 0.213033 1.044549 -0.668280 -0.392967 0.973866 0.243190 -0.294078 -0.161843 0.444032 -0.589459 -0.125465 0.497690 -0.349366 -0.481905 -1.136222 -0.004184 -1.035371 0.992764 -0.110041
.+hu -0.637372 -0.646867 -0.560427 0.004144 -0.170537 -1.065723 -0.034588 0.586411 0.383276 0.172787 0.131319 0.446656 -0.378678 -0.707037 0.339234 -0.063435 -0.333219 0.294883 -0.568673 -0.100698 0.688079 0.049883 0.800478 -0.260173 0.792553
mad+sv -0.186378 -0.047303 -0.132858 -0.367413 -0.028145 -1.084452 -0.037691 0.689347 -0.344665 -0.031153 0.153793 -0.163050 -0.212765 0.290823 -0.252037 -0.092916 -0.596020 0.500898 0.028061 -0.154591 -0.563694 -0.276442 -0.027228 0.535285 0.157599
p+hu -0.802744 -0.147239 -0.308686 -0.380764 -0.314912 -0.839951 0.008126 0.357794 -0.035241 0.501940 0.312180 0.658769 -0.619275 -0.563461 0.480065 -0.114047 0.050124 0.706642 -0.216999 0.579367 0.582430 0.377957 -0.034896 -0.319576 -0.077370
$.+de -0.036150 -0.447928 -0.297560 -0.231027 0.830224 -0.685953 0.380793 0.532508 0.492028 0.077155 0.629521 0.866381 -0.586331 -1.349066 0.347944 -0.227757 -0.631742 0.534751 -0.992288 -0.225892 -0.515126 0.667655 0.240092 0.019569 1.035154
$,+de -0.170007 -0.728738 -0.253919 -0.009943 0.106153 -0.219066 -0.016734 1.141920 0.469764 0.329488 0.731258 0.911015 -0.651891 -1.120439 0.529600 -0.088329 -0.245049 0.458866 -1.007466 -0.207020 -0.244102 0.285127 0.446518 0.385980 0.714069
vpp+fr 0.172582 0.376904 0.147893 -1.218597 -0.050333 0.482807 0.165847 -0.172580 0.161270 0.378950 0.721709 0.683437 -0.464274 0.111788 -0.243305 0.167709 -0.374894 0.275467 0.203364 -0.970122 -0.258089 -0.968080 -0.307637 0.490127 -0.064333
dt+sv -0.063709 0.055525 0.116631 -0.223781 -0.073129 -1.181993 -0.269060 0.667109 -0.561528 0.178101 0.002448 -0.051901 -0.302276 0.304320 -0.131840 0.002717 -0.442810 0.789565 0.192134 0.127787 -0.190955 -0.322911 0.021400 0.356612 0.073520
adv+de -0.400689 -0.291012 0.027066 -0.558349 -0.549985 -0.424262 -0.368395 0.493147 0.310167 0.642647 0.271293 1.087868 -0.861966 -0.888756 0.177575 -0.150290 -0.121304 0.708276 -0.150307 -0.182517 0.523525 0.090972 -0.065318 -0.135841 0.479077
pn+sv 0.272980 0.448646 0.385943 -0.141668 -0.105031 -0.985415 0.080011 0.381835 -0.258856 0.427629 0.097330 0.151847 -0.239726 0.301452 0.037462 0.053693 -0.446864 0.955640 -0.031230 0.412649 -0.254003 -0.347425 0.001754 0.090426 -0.200167
vvfin+de 0.381896 -0.364300 0.552968 -0.380717 -0.510377 -0.043601 -0.045901 -0.512698 0.307422 0.550112 0.364483 0.909050 -0.384811 -1.150293 -0.300585 -0.798299 0.302558 0.051531 0.095904 -0.532962 0.513699 0.683571 -0.144830 -0.092047 0.876660
m+hu -0.575413 -0.581668 -0.292859 -0.392092 -0.227340 -0.536952 -0.370298 0.392882 -0.104214 -0.084710 -0.156699 0.452708 -0.614071 -0.626042 0.678529 0.180253 -0.020645 0.312742 -0.117213 -0.183979 0.877903 0.039179 -0.024253 -0.566870 0.695448
praet+pl -0.512031 0.226757 0.416920 -0.389860 -0.089888 -1.247487 -0.107683 0.047542 -0.684822 0.253923 0.513171 -0.300353 -0.823964 -0.061746 -0.493014 -0.149938 -0.575940 0.682591 -0.168327 0.394101 -0.253070 -0.220123 0.334027 0.100619 0.479063
cc+fr 0.740261 -0.071567 0.282421 -0.414191 0.587193 0.962891 0.150759 0.068934 -0.057879 0.345143 1.044440 0.524841 -0.229487 -0.375746 0.151644 0.202029 0.223601 0.156291 -0.374577 -0.543552 -0.579108 -0.378671 -0.026048 0.606116 -0.224488
kn+sv -0.106299 0.049180 0.058904 -0.305423 -0.094197 -1.090137 -0.075756 0.629140 -0.432473 0.051193 0.128075 -0.136971 -0.264456 0.255471 -0.282004 -0.118784 -0.555574 0.595680 0.052380 -0.026604 -0.467777 -0.277295 -0.016719 0.471144 0.143898
prt 1.136647 0.492227 0.481737 -0.204000 0.159104 -1.500829 -0.039493 0.495226 -0.392621 0.388667 -0.538170 0.559961 0.356073 0.438466 -0.196365 -0.166547 -0.810814 1.335914 -0.011770 -0.044974 -0.227365 -0.181922 0.059004 0.087779 0.321115
$lrb+de 0.452076 -0.650661 0.331691 -0.085160 0.208622 -0.153854 -0.017246 -0.122715 0.145466 0.250690 0.438306 0.705266 -0.436344 -1.358335 0.269057 -0.377891 0.219038 0.169973 -0.469067 -0.472016 0.386173 0.529732 0.204405 -0.180142 1.029152
vinf+fr 0.203771 0.430682 0.161777 -1.196181 0.046277 0.628262 0.266937 -0.801744 0.172379 0.332281 0.837656 0.545961 -0.388337 0.097723 -0.196827 0.391238 -0.290219 -0.038979 0.221030 -1.054597 0.184528 -1.188115 0.052743 0.142599 0.180669
k+hu -0.680507 -0.330995 -0.144144 -0.116760 -0.140464 -0.917332 -0.324547 0.207449 -0.151240 0.310758 0.146569 0.270232 -0.655857 -0.718315 0.232117 0.073573 -0.117672 0.542693 -0.400272 0.285231 0.530082 0.109768 0.444797 -0.433195 0.509133
qub+pl -0.130044 0.302839 0.459423 -0.265859 -0.254240 -1.156378 -0.334093 0.596488 -0.353771 0.456265 0.103490 -0.138309 -0.727267 0.074379 -0.081986 0.355645 -0.537858 1.041982 -0.232279 0.204412 -0.161947 -0.717027 0.325148 -0.052419 0.039626
mid+sv -0.138063 0.094617 0.056260 -0.324846 0.021754 -1.044126 -0.071369 0.559324 -0.365105 0.144281 0.177746 -0.051591 -0.304336 0.158402 -0.271452 -0.038749 -0.579568 0.652758 0.002571 -0.031151 -0.554830 -0.267783 -0.048887 0.460917 0.081346
fin+pl -0.560649 0.196073 0.270977 -0.480782 -0.228680 -1.220909 -0.163860 0.125333 -0.622162 0.258225 0.474361 -0.297012 -0.734177 0.033437 -0.530940 -0.178009 -0.465932 0.614704 -0.052172 0.340100 -0.154749 -0.133484 0.257901 0.085172 0.296448
vafin+de 0.131072 -0.196021 0.305294 -0.479810 -0.179399 -0.255660 -0.135195 -0.373664 0.375708 0.469760 0.219218 0.811975 -0.521643 -1.084905 -0.290677 -0.484305 0.049917 0.175057 -0.078980 -0.591928 0.402733 0.480586 0.050955 -0.261585 0.865964
kon+de 0.064014 -0.941148 -0.019948 -0.168396 -0.257401 0.114081 -0.250203 0.226617 0.207073 0.277061 0.288926 0.893577 -0.337201 -1.269561 0.327742 -0.334285 0.289518 0.138969 -0.333639 -0.547571 0.498818 0.400964 0.063714 0.043300 0.785185
vvpp+de 0.321725 -0.085203 0.067792 -0.798955 0.190767 -0.352736 0.248697 -0.392722 0.374497 0.482799 0.919255 0.971564 -0.509267 -1.019058 -0.170038 -0.438611 -0.257276 0.110001 -0.389596 -0.670503 0.241742 0.393784 0.365727 0.025215 1.172090
adv+pl -0.259230 0.213823 0.308338 -0.352555 -0.242617 -1.068715 -0.328293 0.354168 -0.420938 0.412141 0.210391 -0.045094 -0.606818 0.026865 -0.253683 0.121733 -0.345667 0.810352 -0.098087 0.196939 -0.051740 -0.356309 0.237238 0.008743 0.071689
s+hu -0.713905 -0.471277 -0.234008 -0.091419 -0.163102 -0.710901 -0.409577 0.021964 -0.043928 0.215842 -0.068742 0.266081 -0.520022 -0.881804 0.088610 -0.010175 0.030247 0.253807 -0.335233 0.080971 0.656178 0.403454 0.397207 -0.561175 0.636495
cls+fr -0.392075 -0.125807 0.249857 -1.485626 -0.288528 0.026969 -0.170925 0.305683 -0.102292 0.586479 0.682129 1.034004 -1.254759 -0.780530 0.293021 0.034105 -0.007331 0.969924 0.267777 -0.724530 -0.032968 -0.455511 -1.105250 0.114632 -0.321045
x 0.062911 0.589820 -0.093864 -0.744844 -0.018716 -1.075217 -0.599352 0.609435 -0.959912 0.309330 1.192663 -0.188930 -0.869516 0.439196 -0.381913 -0.560839 0.289059 0.592569 -0.416205 0.809931 0.055835 1.099584 0.584964 -0.113376 0.086228
adjd+de -0.291303 -0.176079 -0.039204 -0.599310 -0.091971 -0.321335 -0.101908 0.106048 0.308653 0.408348 0.390771 0.867067 -0.725628 -0.922684 0.106873 -0.195975 -0.255873 0.392848 -0.269858 -0.318043 0.324439 0.185857 0.036960 -0.174457 0.715352
apprart+de -0.022975 -1.351173 -0.315679 -0.265133 -0.466396 0.166649 -0.163910 0.433986 0.087015 -0.062122 0.282996 0.811665 -0.022787 -1.029635 0.469639 -0.487111 0.180915 -0.160823 -0.284333 -0.894268 0.613270 0.251461 -0.097580 0.347588 1.002896
prorel+fr 0.080330 -0.120268 0.253331 -0.705060 0.031638 0.423691 -0.002144 0.314115 -0.005427 0.689738 0.833113 0.952108 -0.705311 -0.780497 0.268857 -0.056501 0.410300 0.592857 -0.048952 -0.217283 -0.307228 0.064196 -0.594405 0.359856 -0.510596
card+de -0.523900 -0.849670 -0.266460 -0.451542 -0.515954 0.054848 -0.310392 0.299988 0.290083 0.086746 0.052879 0.756117 -0.553302 -0.999308 0.371202 -0.173179 0.034078 0.080055 -0.085486 -0.664461 0.671820 0.044660 -0.266957 -0.171398 0.728557
pper+de -0.385420 -0.132305 -0.081666 -0.236124 -0.240426 -0.445442 -0.069774 0.769154 0.348647 0.727829 0.552458 1.007619 -0.852716 -0.765647 0.585161 0.184224 -0.200601 0.837232 -0.523755 0.334911 0.288442 -0.088415 0.265572 -0.064246 0.210169
rg+sv -0.111160 0.123573 0.117481 -0.242143 -0.018447 -0.855461 -0.160868 0.355515 -0.373194 0.098091 0.019814 -0.121357 -0.288259 0.152113 -0.254162 -0.055129 -0.384412 0.526617 0.147443 0.079315 -0.356269 -0.114848 -0.119439 0.251972 0.051651
cs+fr 0.612232 0.106067 0.441540 -0.193520 0.318180 0.743540 0.238466 -0.321141 0.425664 0.730399 0.579468 0.811302 -0.178091 -0.701742 0.077832 0.238917 0.324242 0.226422 -0.070631 -0.363745 -0.217306 -0.302799 -0.022353 0.274422 -0.291218
vvinf+de 0.353863 -0.184296 0.097019 -0.657773 0.387828 -0.404255 0.705070 -0.617807 0.448206 0.371773 0.539776 1.126359 -0.346061 -1.182708 0.344177 -0.290466 -0.164591 0.314447 -0.142637 -0.537417 0.320423 0.167510 -0.131457 -0.190686 0.857692
conj+pl -0.607983 0.024443 -0.022418 -0.295385 -0.178530 -1.081078 -0.348157 0.334639 -0.423151 0.213358 0.084736 -0.223112 -0.571392 -0.011487 -0.214975 0.129882 -0.321632 0.528490 -0.155094 0.193752 0.069922 -0.187000 0.396405 -0.124125 0.183030
pc+sv -0.060036 0.114390 0.084931 -0.214891 0.018058 -0.768468 -0.172272 0.339484 -0.297867 0.105759 -0.014198 -0.086824 -0.242256 0.152444 -0.186998 0.003061 -0.303930 0.483442 0.113641 0.056633 -0.285900 -0.114227 -0.066509 0.197844 0.031323
pm+sv -0.072114 0.176272 0.224969 -0.168454 -0.109450 -0.757032 -0.159705 0.293047 -0.211629 0.276740 -0.008252 0.042603 -0.298727 0.052425 -0.199388 0.008627 -0.281828 0.568889 0.131221 0.142453 -0.185506 -0.135254 -0.021286 0.179241 -0.009583
sn+sv 0.055434 0.153979 0.193590 -0.239705 -0.035256 -0.531532 0.011364 0.192364 -0.252192 0.081183 0.100961 0.018133 -0.196519 0.147142 -0.235567 -0.056536 -0.371593 0.378452 0.036112 -0.023066 -0.309783 -0.254927 -0.043198 0.220429 0.142787
hp+sv 0.067741 0.196158 0.180104 -0.217654 -0.085402 -0.628554 0.058919 0.242087 -0.199211 0.123363 0.092946 0.033296 -0.147262 0.182744 -0.138494 -0.043769 -0.363654 0.491215 -0.002082 0.045711 -0.267846 -0.239323 -0.056656 0.224674 0.014380
pro+fr 0.070738 0.043787 0.074608 -1.007455 0.130319 0.192450 -0.415349 0.028154 -0.187498 0.578634 0.892357 0.645120 -0.696100 -0.364513 -0.197966 0.196185 0.124683 0.451236 -0.229599 -0.689332 0.085114 -0.328227 0.220564 0.216162 0.142429
clr+fr 0.151909 -0.045276 0.193288 -0.977715 0.103826 0.020582 0.324149 0.410228 -0.127673 0.356193 0.857455 0.789039 -0.757012 -0.384509 0.550286 0.019510 -0.146524 0.799609 -0.037439 -0.366050 -0.247551 -0.535640 -0.695205 0.251403 -0.251023
ie+sv 0.104976 0.160628 0.097458 -0.107496 -0.096231 -0.662738 0.026282 0.304295 -0.181813 0.161458 0.026487 0.055090 -0.091864 0.200688 -0.000380 -0.039684 -0.285508 0.523424 -0.014073 0.147495 -0.122907 -0.191794 0.026581 0.100257 -0.023751
vmfin+de 0.181477 -0.281150 0.174756 -0.432087 -0.216339 -0.055371 -0.174265 -0.097194 0.237123 0.407205 0.371234 0.813871 -0.421659 -0.853034 -0.149005 -0.398655 0.020996 0.176534 -0.172612 -0.532573 0.344778 0.310794 0.129498 -0.030949 0.760776
pad+sv -0.112842 0.062313 0.057161 -0.141040 0.002546 -0.629574 -0.092355 0.320374 -0.221559 0.092078 0.018916 -0.014385 -0.215799 0.083877 -0.181483 0.000697 -0.290676 0.373642 0.067809 0.025788 -0.270547 -0.142577 -0.037311 0.242099 0.046101
inf+pl -0.267394 0.073271 0.170098 -0.266998 -0.119788 -0.921849 -0.265913 0.292904 -0.408897 0.265402 0.205552 -0.118874 -0.516721 -0.044771 -0.186688 -0.014304 -0.279974 0.605129 -0.139199 0.217763 -0.038655 -0.154969 0.210955 0.001490 0.145796
ppron3+pl -0.267664 0.055813 0.146641 -0.121106 0.026713 -0.890496 -0.320990 0.363103 -0.473797 0.150952 -0.026223 -0.105666 -0.443628 -0.006676 -0.032606 0.121566 -0.289399 0.677912 -0.112715 0.294007 -0.036178 -0.163475 0.152450 -0.115667 0.100818
kous+de 0.100531 -0.165816 0.348600 -0.364143 -0.589992 0.137124 -0.070931 -0.573464 0.378395 0.847897 0.442458 0.926847 -0.380929 -0.925528 -0.004023 -0.266800 0.475854 0.024090 0.177185 -0.219813 0.867740 0.176373 0.131919 -0.217371 0.371885
comp+pl -0.277489 0.132931 0.121058 -0.424127 -0.256366 -0.869368 -0.357835 0.225014 -0.518784 0.245824 0.145517 -0.138410 -0.456533 0.093164 -0.266706 -0.096636 -0.157802 0.586699 0.057723 0.193177 0.121309 -0.059864 0.064636 -0.076451 0.007755
clo+fr 0.017071 0.043045 0.207650 -0.932575 0.047862 -0.049920 0.273921 0.282649 -0.004994 0.383436 0.740298 0.813572 -0.787951 -0.463905 0.490463 0.110084 -0.180466 0.769886 -0.012373 -0.322572 -0.131052 -0.536108 -0.602601 0.083870 -0.145396
et+fr 0.826266 0.271939 0.072559 -0.593767 0.372083 -0.167118 -0.443842 0.398569 -0.767006 0.468688 1.231814 0.090884 -0.200014 0.293430 -0.490772 -0.301783 0.399310 0.399548 -0.541050 -0.042997 -0.415665 0.462990 0.625585 0.613113 -0.116408
piat+de -0.315542 -0.733593 -0.262855 -0.435763 -0.337223 0.097890 -0.245348 0.162825 0.120148 0.089509 0.238574 0.592165 -0.296490 -0.741989 0.239073 -0.159329 0.141263 -0.038806 -0.128280 -0.670469 0.550669 0.044984 -0.018358 0.036203 0.613066
pposat+de -0.229940 -0.933603 -0.305973 -0.482410 -0.317402 -0.064998 0.012157 0.100027 -0.101540 -0.175739 0.343131 0.505782 -0.257046 -0.674671 0.606156 -0.236777 0.085441 -0.057481 -0.166405 -0.668702 0.795914 -0.053358 -0.107579 -0.075377 0.819459
prels+de -0.254429 -0.185890 0.136896 -0.495840 -0.531777 0.094511 -0.217458 -0.559907 0.189296 0.701832 0.331308 0.800880 -0.518971 -0.804478 0.140452 0.053734 0.446088 0.076601 0.114740 -0.255139 1.072629 -0.110919 0.234658 -0.466740 0.407740
pl+sv 0.098057 0.171536 0.127298 -0.125942 -0.070794 -0.557912 0.004713 0.222270 -0.178015 0.173308 0.059208 0.049866 -0.137943 0.152291 -0.040118 -0.021603 -0.283427 0.476369 0.015641 0.133778 -0.125499 -0.160796 0.018412 0.079641 -0.014825
vpr+fr 0.463295 0.091685 0.142830 -0.578783 0.362167 0.555645 -0.082662 -0.239950 -0.170004 0.219650 0.655883 0.173914 -0.141897 -0.009006 -0.182774 0.230869 0.135726 0.001335 -0.109078 -0.682844 -0.169741 -0.484379 0.192759 0.320621 -0.038295
ptkvz+de 0.291942 -0.421781 0.132867 -0.300952 0.148471 0.028204 0.260477 -0.465869 0.269418 0.284725 0.338573 0.763185 -0.149485 -0.970347 0.312030 -0.133725 0.132190 0.004679 -0.153920 -0.538928 0.501013 0.094407 0.061431 -0.146911 0.722759
ha+sv 0.019785 0.088183 0.134340 -0.151533 -0.006156 -0.370169 -0.021490 0.146653 -0.167186 0.088685 0.078551 0.025488 -0.149145 0.078894 -0.123020 -0.032506 -0.207961 0.298332 0.016669 -0.002728 -0.154129 -0.170833 -0.044366 0.153712 0.059884
:+hu -0.524218 -0.235428 -0.172810 -0.067273 -0.095421 -0.615151 -0.135859 0.161124 0.173105 0.234905 0.060460 0.246918 -0.499722 -0.661113 0.236127 0.037631 -0.118810 0.343042 -0.333630 0.172271 0.359299 0.158838 0.270727 -0.385984 0.352098
prf+de -0.325825 -0.216200 -0.049663 -0.223722 -0.162512 -0.255317 -0.141180 0.394510 0.231168 0.512876 0.388993 0.730492 -0.654159 -0.741902 0.351332 0.088712 0.000921 0.487542 -0.367672 0.104626 0.353253 0.044234 0.261849 -0.152764 0.311346
ppas+pl -0.268050 0.013095 0.069613 -0.215329 0.072887 -0.799813 -0.297307 0.243546 -0.453354 0.089799 0.057798 -0.093423 -0.415691 -0.010147 -0.064056 0.079876 -0.219624 0.551658 -0.086099 0.182707 0.043759 -0.073974 0.138140 -0.150883 0.167206
ps+sv -0.064160 0.024632 0.004861 -0.136400 -0.014060 -0.475442 -0.058171 0.259325 -0.193477 0.043261 0.046507 -0.011172 -0.160783 0.064472 -0.037290 -0.011868 -0.175799 0.283025 0.031437 0.027034 -0.107770 -0.098965 0.001230 0.147623 0.058384
ptkneg+de -0.019898 -0.280453 -0.025008 -0.275020 -0.110237 -0.191916 -0.111303 0.115953 0.334352 0.439585 0.210824 0.845248 -0.293441 -0.795964 0.039150 -0.154774 -0.060292 0.306282 -0.233069 -0.305579 0.249797 0.229714 0.120518 0.002656 0.520486
num+pl -0.321243 0.018369 -0.008031 -0.152421 0.058056 -0.879140 -0.200617 0.261316 -0.349431 0.096408 0.020071 -0.101999 -0.384490 -0.057157 -0.031598 0.061122 -0.306335 0.516924 -0.102195 0.238451 0.028157 -0.086039 0.184427 -0.108184 0.186918
pis+de -0.385881 -0.229436 -0.074816 -0.326690 -0.156578 -0.230421 -0.187399 0.167349 0.140592 0.398301 0.364301 0.662383 -0.626684 -0.750820 0.299636 0.030451 0.046854 0.364478 -0.281336 -0.052092 0.482024 0.092203 0.203576 -0.300489 0.436680
proav+de -0.181017 -0.192832 -0.002442 -0.168390 -0.143964 -0.256732 -0.071121 0.246951 0.314991 0.532507 0.305065 0.828507 -0.490858 -0.842888 0.193286 -0.044947 -0.006976 0.399599 -0.313194 0.000411 0.232602 0.229334 0.164106 -0.083124 0.346164
ptkzu+de 0.582906 -0.609655 0.190208 -0.415378 0.346310 0.060590 -0.139636 0.398078 -0.153629 0.062888 0.592571 0.675793 -0.363863 -0.828225 0.218442 -0.251188 -0.136365 0.394062 -0.597236 -0.678579 -0.082232 0.128458 0.080334 0.228030 0.797285
aglt+pl -0.126463 0.108781 0.229020 -0.186630 -0.166351 -0.642328 -0.274487 0.252693 -0.353040 0.240703 0.021271 -0.076816 -0.365894 0.019271 -0.079886 0.168966 -0.202611 0.586325 -0.034582 0.132438 -0.000515 -0.291316 0.112494 -0.004537 0.033288
ger+pl -0.317314 -0.016328 -0.011222 -0.112533 0.044460 -0.784462 -0.249485 0.261333 -0.395445 0.078620 -0.001606 -0.099410 -0.339123 -0.021021 -0.041286 0.008855 -0.207239 0.470739 -0.085278 0.252424 0.050007 0.041781 0.143248 -0.142840 0.128391
pds+de -0.183961 -0.231414 0.018210 -0.203872 -0.107960 -0.118059 -0.140702 0.263156 0.213580 0.404746 0.304428 0.635292 -0.488923 -0.657223 0.257853 0.027925 -0.012601 0.385507 -0.272308 -0.022489 0.231358 0.053806 0.081635 -0.044451 0.232363
x+hu -0.356310 -0.257725 -0.169301 -0.148796 -0.061970 -0.360687 -0.226176 0.138927 -0.128261 0.098481 0.107305 0.192870 -0.351407 -0.397997 0.215416 -0.012309 0.072037 0.209383 -0.220041 0.099708 0.374857 0.216629 0.185728 -0.274927 0.259005
vainf+de 0.054769 0.015550 0.043300 -0.366225 0.364263 -0.354379 0.217588 -0.437208 0.279306 0.402617 0.405076 0.619726 -0.411321 -0.837042 0.121603 0.014243 -0.078221 0.212716 -0.318497 -0.194737 0.294393 0.175363 0.301556 -0.351077 0.593795
pred+pl -0.285401 0.031963 0.055019 -0.183403 -0.139374 -0.635239 -0.168372 0.157872 -0.201783 0.183901 0.133514 -0.047427 -0.356305 -0.098348 -0.093352 0.025417 -0.209970 0.360791 -0.090469 0.101058 0.058362 -0.115798 0.189217 -0.073094 0.159432
ppron12+pl -0.225079 0.032206 0.090119 -0.127704 -0.076675 -0.647402 -0.164985 0.209645 -0.244827 0.136257 0.023292 -0.074030 -0.342389 -0.052842 -0.039662 0.075787 -0.224586 0.417284 -0.098882 0.178000 0.014301 -0.135984 0.147263 -0.091596 0.105977
pdat+de -0.137592 -0.620979 -0.299303 -0.383285 -0.233944 0.015047 0.015706 0.090449 0.084135 -0.040776 0.227668 0.471063 -0.114062 -0.486143 0.276538 -0.200743 0.007320 -0.097111 -0.074724 -0.598775 0.392083 -0.003842 -0.085788 0.094281 0.512537
kokom+de -0.067053 -0.299862 0.046818 -0.230599 -0.202572 0.068356 -0.289536 0.134339 0.131001 0.353466 0.242508 0.556497 -0.376706 -0.659872 0.033433 -0.091851 0.134722 0.201726 -0.150460 -0.244634 0.252684 0.166513 0.092612 -0.010137 0.342272
pwav+de -0.071349 -0.146998 0.105965 -0.218919 -0.208059 0.052749 -0.175702 -0.210199 0.223863 0.480856 0.230675 0.604499 -0.320450 -0.681524 -0.046989 -0.095271 0.257307 0.079787 -0.022370 -0.203131 0.416262 0.169434 0.144935 -0.131923 0.278787
vapp+de 0.043001 -0.037912 0.052794 -0.239673 0.317128 -0.138695 0.032557 -0.223663 0.153606 0.271953 0.384063 0.424957 -0.381203 -0.657663 0.083024 0.015583 -0.048115 0.161451 -0.316705 -0.182506 0.196167 0.156574 0.301133 -0.222813 0.497724
vvizu+de 0.130780 -0.311473 0.056181 -0.356825 0.124304 0.081809 0.041212 -0.261729 0.052780 0.161372 0.350168 0.475066 -0.248348 -0.640404 0.124938 -0.121302 0.098909 0.012539 -0.126164 -0.454522 0.262150 0.076787 0.011198 -0.042665 0.483082
pact+pl -0.290368 -0.029653 -0.019715 -0.117072 0.025631 -0.546446 -0.162998 0.174684 -0.282969 0.014741 0.007240 -0.105087 -0.289850 -0.058908 -0.004451 0.032820 -0.168159 0.288252 -0.104657 0.155086 0.064161 -0.033871 0.134605 -0.141726 0.143859
brev+pl -0.229560 0.057439 0.006019 -0.220118 -0.079621 -0.467085 -0.236373 0.118120 -0.236676 0.142928 0.059044 0.007114 -0.300083 -0.024476 -0.124381 -0.038272 -0.099735 0.305556 0.005956 0.071094 0.064358 0.025704 0.056190 -0.061095 0.079007
bedzie+pl -0.231225 -0.031774 0.023427 -0.120756 -0.046259 -0.459874 -0.151166 0.137013 -0.149787 0.137687 0.092531 -0.039975 -0.295360 -0.099333 -0.046980 0.074476 -0.158764 0.301156 -0.115712 0.087964 0.024343 -0.083390 0.161436 -0.071775 0.152586
?+hu -0.193111 -0.165026 -0.092206 -0.041020 -0.076071 -0.225488 -0.031671 0.029212 0.054379 0.071615 0.029873 0.163470 -0.142675 -0.287209 0.115899 -0.041437 -0.024932 0.073334 -0.167877 0.030731 0.217793 0.127899 0.133387 -0.154931 0.268560
imps+pl -0.195777 -0.000119 0.004892 -0.118714 -0.051267 -0.403963 -0.121025 0.103886 -0.156544 0.067549 0.055624 -0.020135 -0.233152 -0.063186 -0.058167 0.018976 -0.107349 0.226095 -0.069270 0.113152 0.059815 -0.029402 0.134779 -0.082567 0.132734
vs+fr 0.376720 -0.015274 0.179533 -0.285434 0.230045 0.417048 0.178835 -0.092480 0.062560 0.150692 0.421068 0.316934 -0.071631 -0.210329 0.095054 0.098645 0.058379 0.092346 -0.061192 -0.399359 -0.214139 -0.275412 -0.093339 0.260958 -0.066350
o+hu -0.237302 -0.156961 -0.060690 -0.101544 -0.082958 -0.262693 -0.110667 0.111751 -0.066320 0.084395 0.086550 0.144951 -0.261803 -0.264249 0.148669 -0.032354 0.035398 0.186040 -0.108556 0.116214 0.217031 0.153221 0.060602 -0.183668 0.157939
trunc+de -0.182296 -0.260441 0.097869 -0.336178 -0.073993 0.089803 -0.372844 0.045739 -0.221005 0.155115 0.311447 0.251172 -0.513581 -0.458969 -0.004220 -0.112147 0.183480 0.149938 -0.152609 -0.104049 0.232120 0.245127 -0.035379 -0.140548 0.221653
xy+de -0.016354 -0.123360 0.073537 -0.190329 0.063977 -0.038125 -0.101891 0.134931 -0.092519 0.103813 0.350037 0.207296 -0.381979 -0.385030 0.123218 -0.135567 0.111130 0.188324 -0.180191 -0.014397 0.019764 0.233385 -0.046438 -0.065879 0.175709
ro+sv -0.017850 -0.006042 0.022201 -0.059958 -0.006348 -0.142452 -0.028882 0.080188 -0.060270 0.044466 0.037073 0.000021 -0.083603 -0.023523 -0.050434 0.009719 -0.045050 0.106423 0.016271 -0.023804 -0.045476 -0.003244 0.003621 0.037470 0.015250
impt+pl -0.121818 -0.009490 0.026610 -0.099371 -0.071179 -0.261780 -0.089364 0.053908 -0.092158 0.079536 0.071535 -0.008727 -0.158117 -0.058075 -0.067900 -0.023101 -0.085152 0.171889 -0.016442 0.027246 0.047575 -0.018318 0.070401 -0.033703 0.088808
pref+fr 0.267498 -0.004009 0.116196 -0.180147 0.306459 0.521476 -0.024891 0.026124 -0.127747 0.056896 0.382738 0.032263 -0.029004 0.006234 -0.023955 0.139836 0.134182 0.012130 -0.100331 -0.251221 -0.365897 -0.207237 -0.096000 0.286082 -0.207577
siebie+pl -0.114072 0.013043 0.066036 -0.096434 -0.024830 -0.338022 -0.089976 0.116038 -0.163683 0.080643 0.031923 0.013264 -0.195161 -0.050817 -0.047774 -0.014003 -0.078144 0.227665 -0.019802 0.090796 0.023805 -0.028509 0.047084 -0.051211 0.064782
koui+de 0.010819 -0.136126 0.086364 -0.148215 -0.012316 0.264506 -0.219798 -0.141000 0.058637 0.253929 0.237393 0.334968 -0.242831 -0.416724 -0.029003 0.047271 0.223091 0.011533 -0.091534 -0.213266 0.193687 0.018599 0.104084 -0.010022 0.135376
z+hu -0.146129 -0.124567 -0.048374 -0.071421 -0.017734 -0.159188 -0.108756 0.074895 -0.057013 0.072057 0.123381 0.109530 -0.198163 -0.208832 0.082579 0.014518 0.015733 0.106687 -0.151741 0.014596 0.170740 0.041403 0.138021 -0.103503 0.207978
i+hu -0.143017 -0.122246 -0.022094 -0.078462 -0.084723 -0.194024 -0.046777 -0.008154 -0.057948 0.106116 0.066888 0.128290 -0.169240 -0.250726 0.108644 -0.056664 0.006776 0.118211 -0.058052 0.066429 0.201877 0.084014 0.029827 -0.140003 0.151882
pws+de -0.001996 -0.105540 0.030556 -0.154649 -0.012711 0.068308 -0.082320 0.006323 0.012405 0.180705 0.204078 0.290888 -0.198727 -0.294585 0.058475 0.011333 0.073601 0.087245 -0.062364 -0.132869 0.152057 0.029337 0.022019 -0.036537 0.137981
hd+sv 0.003530 -0.015160 -0.000159 -0.030980 -0.011846 -0.043282 -0.012697 0.018357 -0.020670 0.006568 0.020066 -0.001050 -0.012449 -0.000882 -0.002355 -0.010416 -0.030859 0.037110 0.018935 -0.015024 -0.015699 0.003305 0.007017 0.003695 0.002266
vminf+de 0.192692 -0.118634 0.152445 -0.212579 0.109605 0.062232 -0.009989 -0.033712 -0.017261 0.167805 0.281201 0.320401 -0.224645 -0.377959 0.085663 -0.033395 0.038093 0.176879 -0.133838 -0.192394 0.069747 -0.034108 -0.005281 0.008583 0.216285
;+hu -0.107860 -0.067416 -0.041572 -0.052282 -0.030684 -0.105250 -0.017388 0.002612 0.024963 0.046447 0.038867 0.075060 -0.115395 -0.152597 0.033418 -0.017497 -0.006625 0.058588 -0.075821 -0.007161 0.100663 0.079654 0.084994 -0.112651 0.141685
uo+sv -0.015667 -0.004689 0.013487 -0.023849 -0.012594 -0.065517 -0.040902 0.034345 -0.024437 0.041856 0.064998 0.028048 -0.065564 -0.025268 0.006066 0.011754 -0.028639 0.061990 -0.016051 -0.023318 -0.020021 -0.035454 0.015582 -0.004915 0.036646
advwh+fr 0.145844 0.012920 0.078180 -0.294146 0.105322 0.255963 -0.030879 0.006076 -0.088869 0.078995 0.288162 0.118572 -0.173038 -0.057070 -0.002613 0.051633 0.055252 0.095184 -0.042761 -0.224200 -0.160011 -0.160512 -0.124845 0.149158 -0.112191
appo+de 0.005878 -0.106090 -0.014270 -0.143428 -0.025456 0.020616 -0.037488 0.047693 0.042503 0.095571 0.140796 0.243382 -0.110430 -0.223418 0.035243 -0.038248 0.027051 0.076500 -0.095534 -0.129775 0.049868 0.039744 -0.004966 0.054353 0.121936
!+hu -0.048168 -0.012381 -0.007061 0.006767 -0.034170 -0.048855 -0.006484 0.032672 0.006668 0.016555 -0.009888 0.034101 -0.002548 -0.055859 0.024901 -0.020950 -0.023581 0.006848 -0.003202 0.039608 0.016071 0.046540 0.034973 -0.018519 0.023835
fm+de 0.042044 -0.087374 0.024426 -0.174785 0.030050 0.091626 -0.025477 0.062790 -0.056182 0.081692 0.259355 0.185970 -0.176106 -0.182736 0.071068 -0.046774 0.070491 0.122827 -0.087305 -0.121673 -0.043682 0.016762 -0.077705 0.092873 0.038809
prowh+fr 0.097252 -0.037415 0.038633 -0.178693 0.087842 0.116085 0.038516 0.043201 -0.019981 0.070980 0.220308 0.157457 -0.103185 -0.075597 0.086655 0.043204 0.009449 0.082891 -0.051721 -0.142581 -0.064275 -0.118044 -0.060543 0.105506 -0.028234
winien+pl -0.055873 -0.006122 0.041384 -0.075067 -0.042582 -0.168872 -0.072039 0.050028 -0.060239 0.063333 0.071090 0.040648 -0.145932 -0.089570 -0.024442 0.030556 -0.043415 0.121689 -0.057269 0.008219 0.015477 -0.053556 0.046858 -0.026101 0.069089
vimp+fr 0.091178 0.024964 0.061745 -0.130547 0.083685 0.154183 -0.079645 -0.025644 -0.058940 0.078246 0.151147 0.054889 -0.079122 -0.040794 -0.037684 0.051438 0.065509 0.036635 -0.020904 -0.105081 -0.058632 -0.082585 0.018063 0.055068 -0.071573
ptka+de 0.015906 -0.096186 0.005575 -0.056652 -0.011788 -0.015280 -0.036487 0.058265 0.013740 0.057600 0.076066 0.116473 -0.067255 -0.155553 0.037778 -0.045068 0.027203 0.048819 -0.066835 -0.079837 0.055568 0.015444 0.011930 0.029613 0.121313
p+pro+fr 0.101817 0.031044 0.072526 -0.213667 0.092493 0.155839 -0.053968 0.017460 -0.075544 0.103177 0.255854 0.131922 -0.152717 -0.086452 -0.045901 0.039394 0.045040 0.108502 -0.050017 -0.164178 -0.090497 -0.078104 -0.010585 0.129433 -0.063076
prelat+de 0.027167 -0.169841 0.009236 -0.187401 -0.020357 0.061888 -0.033505 -0.019160 0.015780 0.071976 0.147041 0.174938 -0.084397 -0.192262 0.062290 -0.024414 0.063237 0.018739 -0.048833 -0.191875 0.132227 -0.066305 -0.011631 0.024159 0.162141
apzr+de -0.023825 -0.113492 0.028859 -0.137975 0.016857 0.066105 -0.076466 0.049853 0.025153 0.099147 0.155545 0.186707 -0.155955 -0.237573 0.024115 -0.013729 0.055096 0.074257 -0.084540 -0.114097 0.041572 0.045870 0.027730 0.033108 0.147568
vvimp+de 0.012494 -0.112586 0.002335 -0.141435 -0.009308 0.033775 -0.037776 0.009450 0.028088 0.090049 0.148775 0.210910 -0.154157 -0.232677 0.044719 -0.020928 0.030615 0.067072 -0.085600 -0.151875 0.068112 0.033652 -0.023491 0.020823 0.138841
pwat+de -0.005627 -0.095633 -0.006198 -0.112344 -0.011379 0.094555 -0.044889 0.000573 0.026755 0.056473 0.097806 0.127701 -0.057418 -0.137096 0.017841 -0.028488 0.024353 -0.000255 -0.039619 -0.146153 0.039875 0.004000 0.003228 0.036236 0.090270
adja+pl -0.078789 -0.014477 0.000267 -0.063487 -0.017740 -0.097174 -0.032093 0.020595 -0.052655 0.032595 0.014275 0.002684 -0.085906 -0.023293 0.003170 0.001330 -0.007582 0.060056 -0.008828 -0.005506 0.027796 0.013435 0.027351 -0.018301 0.031617
in+sv -0.019563 -0.006644 0.016660 -0.043631 -0.019850 -0.067782 0.010274 0.017685 -0.015117 0.013670 0.018777 0.024143 -0.022439 -0.035289 0.000865 0.003371 -0.026243 0.046989 0.005778 -0.014000 0.005126 -0.025109 -0.016866 -0.013907 0.015017
adjp+pl -0.022407 0.005317 0.023927 0.005648 0.007036 -0.074849 -0.040122 0.035642 -0.027378 0.024359 0.010471 -0.006695 -0.045816 -0.013580 0.018719 0.003526 -0.008072 0.055701 -0.007401 0.025277 0.007161 -0.015872 0.026045 -0.011936 -0.003073
y+hu -0.043797 -0.029226 -0.031367 -0.053624 -0.006744 -0.022269 -0.033724 0.011701 -0.015999 0.026819 0.027013 0.047118 -0.069563 -0.088806 -0.002218 0.030224 0.008801 0.035029 -0.036735 0.014185 0.037044 0.020229 0.003721 -0.039776 -0.002618
ptkant+de 0.011695 -0.012624 0.004544 -0.020772 0.001159 0.011424 0.018854 -0.017243 0.005833 0.046359 0.036123 0.071366 -0.026791 -0.066839 -0.005180 0.021638 0.017651 0.016595 -0.005631 -0.027343 0.012969 0.009560 0.027625 -0.005693 0.050896
hs+sv -0.019985 0.001242 0.004675 -0.023053 0.015513 -0.019960 -0.012482 0.024483 -0.024815 0.005380 -0.008164 0.003916 -0.020242 0.007262 0.003930 -0.000958 -0.005981 0.028117 0.011461 0.001035 -0.012528 -0.009516 0.013960 0.018606 -0.007687
adjwh+fr 0.096991 -0.013132 0.033992 -0.160063 0.070650 0.120686 0.008354 0.013675 -0.058395 0.056026 0.221007 0.111751 -0.125164 -0.045382 0.023317 0.039914 0.036921 0.098721 -0.036742 -0.149068 -0.097858 -0.107464 -0.054965 0.101512 -0.028289
i+fr 0.041414 0.006602 -0.001371 -0.079063 0.043824 0.029465 -0.051637 0.028274 -0.037459 0.061888 0.086958 0.022980 -0.068219 -0.024217 -0.012982 0.016837 0.060978 0.049367 -0.011586 -0.065827 -0.016043 -0.007018 0.008985 0.035753 -0.048164
detwh+fr -0.003200 -0.009520 0.016432 -0.019109 0.012845 -0.012461 0.007430 -0.005792 0.018969 -0.015089 -0.012497 0.015578 0.003336 -0.007630 -0.019969 -0.010896 -0.014184 -0.011863 0.015853 0.014924 0.008012 -0.001180 0.013085 -0.000167 -0.005460
itj+de 0.014535 -0.031838 -0.005942 -0.041942 0.010841 0.004003 0.010500 -0.009410 0.010513 0.002406 0.027788 0.055528 -0.000453 -0.058093 -0.008458 -0.018851 -0.014874 -0.002444 -0.010645 -0.052383 -0.002512 0.006608 -0.007681 0.000027 0.027150
depr+pl -0.010741 -0.002927 -0.010076 0.013825 0.019467 -0.017337 0.008557 -0.006795 0.005017 -0.009675 0.006040 -0.005154 -0.008207 0.016471 0.017700 0.004542 -0.011421 0.017577 0.010018 0.010044 -0.011531 0.013206 -0.010396 0.005265 0.008430
pposs+de 0.014159 0.003833 -0.010393 -0.012540 0.009736 -0.010511 0.001580 0.009971 -0.010870 -0.013020 -0.018411 -0.014097 0.014058 -0.015815 -0.011054 -0.018690 0.007054 -0.010732 -0.003456 -0.014428 -0.004911 -0.003023 -0.001081 -0.003086 -0.015890
adjc+pl -0.015783 0.008071 0.000566 -0.000073 -0.005056 0.004141 0.014059 -0.008923 0.013790 -0.003335 0.000039 0.009185 -0.009651 0.016865 0.008083 0.004757 -0.009080 0.007834 -0.009711 0.012658 -0.019541 -0.013338 0.002313 0.008491 -0.000301
-+hu -0.029140 -0.021189 -0.012031 -0.022297 0.004133 -0.014208 0.011567 -0.001384 0.007117 -0.002185 0.016286 0.013531 -0.036969 -0.032611 0.024493 0.003251 -0.002002 0.002231 -0.010932 0.023368 0.024592 0.004056 0.023949 0.009475 0.016842
