153 50
noun -0.155410 -0.165265 0.204262 -0.540782 -0.673825 -0.502110 -0.417356 0.450252 0.708641 -0.288281 -0.562792 0.127628 0.560511 -0.469362 0.135891 0.396810 -0.387736 0.165757 -0.299061 -0.631239 -0.063447 -0.293894 0.218103 0.026254 0.412655 0.332236 -0.964028 0.704086 0.212389 0.232741 0.632621 -0.764894 0.234748 -0.363024 0.165051 -0.216375 -0.071002 -0.546177 -0.629095 -0.017575 -0.727105 0.491658 0.440913 -0.904010 0.103663 -0.798397 -0.209074 -0.342915 -0.435392 -1.185395
. -0.037086 -0.385342 0.258128 -0.630772 -0.514670 -0.594793 -0.600477 0.377379 0.856172 -0.053108 -0.575471 -0.275058 0.542321 -0.246523 -0.241567 0.389421 0.147811 -0.116663 -0.147452 -0.477379 0.294017 -0.107341 0.411590 0.570537 0.463033 0.584350 -0.685303 0.313466 0.093845 0.080405 0.504249 -0.716648 0.502804 -0.249872 0.004541 0.066993 0.029354 -0.244716 -0.178624 -0.114549 -0.585648 0.264743 0.310323 -0.435009 -0.182874 -0.492742 -0.171211 -0.119849 -0.199234 -1.026439
det 0.125029 -0.351029 0.253864 -0.516948 -0.087835 -0.529444 -0.481733 0.212974 0.955888 0.097275 -0.273176 -0.157986 0.261225 -0.390403 0.097355 0.526708 0.124611 -0.169613 -0.092989 -0.266136 -0.312294 -0.237749 -0.218145 0.295442 0.541516 0.641407 -0.849619 0.431686 0.084621 0.080649 0.687880 -0.599416 0.207139 -0.357040 0.045813 0.131275 -0.160085 -0.064377 -0.240546 -0.087561 -0.454935 0.042857 -0.022625 -0.328967 0.009748 -0.351615 -0.003318 -0.378477 -0.118822 -0.897435
adj 0.177414 -0.017801 0.191673 -0.646645 -0.795311 -0.334027 -0.151353 0.406846 0.787897 -0.415625 -0.581388 -0.223327 0.412934 -0.483465 0.058097 0.597543 -0.172589 0.261140 -0.082856 -0.499123 0.003815 0.122593 0.179837 0.190553 0.480388 0.563763 -0.569541 0.645522 0.047250 0.074109 0.441954 -0.502070 0.393640 -0.315177 0.230472 -0.174560 -0.110105 -0.312980 -0.626951 0.016953 -0.275018 0.288397 0.430073 -0.502972 -0.437707 -0.614105 -0.183919 -0.522309 -0.390563 -1.071564
verb 0.089963 -0.375343 0.531353 -0.894387 -0.649621 -0.609869 -0.716163 0.262903 0.690960 -0.146792 -0.352519 -0.335424 0.417578 -0.402368 -0.853482 0.386718 -0.159782 0.048413 -0.077990 -0.825904 0.236156 -0.013045 0.417994 0.195815 0.824343 0.768678 -1.126213 0.478000 -0.311641 0.218174 0.201403 -0.424109 0.618071 0.167655 0.522814 -0.321980 0.243082 -0.110125 -0.442505 0.052303 -0.201123 0.108352 0.441921 -0.770804 0.185859 -1.067366 -0.080366 -0.076615 0.030604 -0.888087
adp 0.085521 -0.103729 0.627166 -0.742601 -0.855838 -0.434562 -0.300087 0.342366 0.663451 -0.217820 -0.535854 -0.253262 0.352041 -0.406834 -0.192556 0.694188 0.048850 0.380991 -0.158136 -0.562114 0.191049 0.083292 0.366146 0.474087 0.620128 0.710435 -0.673589 0.124132 0.071593 0.029911 0.390236 -0.503207 0.461038 -0.343005 0.323740 0.020403 0.029080 -0.308408 -0.231338 0.199111 -0.225296 0.289364 0.517140 -0.522064 -0.311009 -0.757652 -0.125707 -0.242636 -0.074342 -0.968436
adv -0.184524 -0.130577 0.502835 -0.535381 -0.555998 -0.406680 -0.526107 0.177600 0.736198 -0.350087 -0.174847 0.272434 0.291966 -0.467974 -0.262726 0.192044 -0.111012 0.181620 -0.357793 -0.707864 0.219869 -0.017816 0.465841 0.309121 0.746673 0.725662 -0.613603 0.513981 0.021150 0.134980 0.356870 -0.540283 0.236743 -0.194383 0.161680 -0.085065 -0.088556 -0.067930 -0.164848 0.100454 -0.273661 0.293113 0.525475 -0.588015 -0.119528 -0.878227 -0.024241 -0.511375 -0.567143 -0.920835
nn 0.061309 -0.174026 0.169907 -0.601201 -0.422647 -0.263397 -0.309026 0.401542 0.736142 -0.335754 -0.337671 0.095813 0.457843 -0.509539 0.031712 0.296879 -0.231975 0.155967 -0.373039 -0.377128 -0.189079 -0.139081 0.203283 -0.085423 0.555187 0.268284 -0.822821 0.687847 0.230443 0.267240 0.526209 -0.766407 0.304184 -0.291888 0.162156 -0.249785 -0.100038 -0.401462 -0.476887 0.084548 -0.603446 0.421336 0.346543 -0.716562 0.242908 -0.714387 -0.135112 -0.369283 -0.350375 -1.011712
nc -0.217889 0.056410 0.318457 -0.118650 -0.203109 -0.147295 -0.005641 0.346556 -0.329646 -0.140721 -0.022476 0.364152 -0.158469 0.110375 0.319943 -0.254638 0.150974 0.337025 -0.648755 -0.208215 -0.038181 -0.432104 0.207522 -0.213367 0.006965 -0.561691 -0.149654 -0.432616 0.194267 0.105324 -0.186808 -0.452190 -0.126777 -0.065569 0.128898 0.191195 0.057920 0.076510 0.354055 -0.648779 -0.240420 -0.252197 0.375871 -0.160659 0.167344 -0.083833 0.269480 0.001693 -0.355952 0.031563
n 0.485063 -0.422424 -0.146730 -0.206836 -0.238486 -0.324340 -0.178147 -0.102117 0.546220 -0.190880 0.149742 0.250134 0.226325 -0.629681 -0.170502 0.509144 -0.129857 -0.276229 -0.717948 -0.260411 -0.154555 -0.576937 -0.565275 0.357441 0.011731 0.244842 0.307558 0.217295 0.195695 -0.560463 0.074178 -0.302083 -0.272325 -0.388627 -0.133104 0.108062 -0.391184 0.380777 -0.038462 0.201963 -0.074832 0.011975 0.488969 -0.214348 0.613025 0.059947 0.404509 0.298515 0.370614 0.012677
p 0.567361 -0.152168 -0.001134 -0.265899 -0.384320 -0.376786 0.134469 -0.224532 0.711058 -0.402976 0.103103 0.148821 0.289500 -0.867192 -0.294045 0.540849 -0.102466 -0.180418 -0.255785 -0.580205 -0.149544 -0.200020 -0.493429 0.555603 0.086957 0.404011 0.324234 0.190193 0.159852 -0.828819 0.138969 -0.119094 -0.174586 -0.298749 0.038174 0.056337 -0.240570 0.523513 -0.299972 0.351986 0.052380 -0.207683 0.508588 0.073175 0.006541 -0.015878 0.217043 0.019761 0.112712 0.105071
pron -0.185063 -0.026981 0.422908 -0.420245 -0.611330 -0.584070 -0.577911 0.194452 0.868104 -0.194999 -0.222975 0.166211 0.162056 -0.487334 -0.309302 0.197173 -0.144318 0.061311 -0.268552 -0.888335 0.257465 -0.104329 0.244089 0.339765 0.575590 0.794537 -0.466428 0.823907 0.024066 0.119633 0.513202 -0.360434 -0.111603 -0.246406 0.010957 -0.086915 -0.113910 0.061561 -0.302479 0.197147 -0.187130 0.213306 0.547192 -0.523273 -0.116766 -0.615009 -0.146756 -0.604108 -0.663839 -0.715290
conj -0.131462 -0.247162 0.466808 -0.570365 -0.639086 -0.515808 -0.401786 0.160410 0.773619 -0.240476 -0.440058 -0.021930 0.295977 -0.326984 -0.178438 0.461026 -0.137580 0.103203 -0.192859 -0.636447 0.139256 0.001255 0.280406 0.395635 0.762376 0.860845 -0.587626 0.336939 0.037037 0.086775 0.428323 -0.390610 0.201063 -0.241140 0.126464 -0.019284 -0.220620 -0.031487 -0.199613 -0.197799 -0.208598 0.189413 0.251071 -0.388663 -0.586991 -0.775603 0.055871 -0.450774 -0.460885 -1.043378
ponct -0.330223 -0.087648 0.213944 -0.341047 -0.314941 -0.319462 0.203360 0.152201 -0.205094 0.311339 -0.273508 0.032867 -0.278227 0.087460 0.168966 0.014203 0.162824 0.197307 -0.400845 -0.546168 -0.077694 -0.253618 0.022752 0.128694 -0.133310 -0.379412 0.094022 -0.443603 0.258920 0.256119 0.030067 -0.432409 -0.068637 -0.174356 0.124104 0.041307 0.344954 0.056566 0.218937 -0.596404 0.039461 -0.400788 0.099094 0.241872 0.000176 0.204763 0.324757 0.154723 -0.224541 0.383352
v 0.558475 -0.295652 -0.033355 -0.574021 -0.186583 -0.377897 -0.182530 -0.119600 0.842601 0.015211 0.136052 -0.139972 0.201227 -0.684013 -0.756728 0.557061 -0.187236 -0.233389 -0.431412 -0.540772 -0.258922 -0.404365 -0.508465 0.243538 0.310491 0.385969 -0.069281 0.488736 0.240783 -0.334278 0.295305 -0.169283 -0.205851 -0.106560 -0.025526 -0.208837 -0.237297 0.297931 -0.357695 0.414116 -0.154113 0.006897 0.241368 -0.099621 0.579675 -0.186532 0.222394 0.177838 0.297063 0.070404
subst 0.234516 -0.182439 0.378657 -0.491261 -0.813663 -0.630790 -0.401236 0.368018 0.797612 -0.255899 -0.351328 0.050445 0.052239 -0.571380 0.071541 0.761997 -0.131669 0.155313 -0.724701 -0.692403 -0.062627 -0.499362 -0.332488 0.226659 0.490363 0.678579 -0.192870 0.560429 0.160537 -0.106664 0.362566 -0.456317 -0.329549 -0.573222 0.081389 0.107813 -0.438924 0.247872 -0.226198 -0.129976 -0.068643 0.042852 0.705225 -0.612508 0.002155 -0.356402 0.285399 -0.404734 -0.199337 -0.689669
a 0.821107 -0.319870 -0.280971 -0.287221 -0.237940 -0.176283 0.046780 -0.018919 0.659450 -0.307867 0.085070 -0.094890 0.272796 -0.582441 -0.234217 0.662603 -0.042897 -0.264579 -0.502154 -0.030484 -0.180945 -0.366909 -0.559326 0.367179 0.026379 0.207990 0.427959 0.190884 0.179682 -0.689343 -0.043637 -0.117803 -0.160821 -0.289731 -0.174304 0.091463 -0.528054 0.409126 -0.189281 0.115319 -0.039497 -0.007240 0.372438 0.072866 0.188030 0.164162 0.358902 0.213121 0.424846 -0.086229
t 0.534820 -0.333889 -0.004979 -0.153746 0.133788 -0.492231 -0.101278 -0.359681 0.689548 0.091942 0.273822 -0.077774 0.009112 -0.539418 -0.391947 0.514107 0.122416 -0.487158 -0.131063 -0.311829 -0.295937 -0.408628 -0.823852 0.559085 0.093706 0.515105 0.198219 0.003470 0.034512 -0.761665 0.191390 0.105595 -0.368872 -0.141785 -0.111469 0.267946 -0.319763 0.763483 -0.038449 0.134278 0.094707 -0.458811 0.035274 0.349848 0.088068 0.268508 0.332071 0.136498 0.405471 0.313364
vb 0.083438 -0.308217 0.317252 -0.528162 -0.421686 -0.478918 -0.514966 0.211305 0.646431 -0.224611 -0.326462 -0.206458 0.392094 -0.323134 -0.414131 0.267054 -0.014279 -0.069626 -0.018681 -0.564619 0.178340 0.027273 0.271820 0.191773 0.591410 0.617836 -0.707327 0.360421 -0.197300 0.081464 0.235275 -0.391314 0.460251 0.022623 0.333453 -0.135431 0.123937 0.057586 -0.266208 -0.083455 -0.187878 -0.001552 0.333567 -0.518627 -0.063725 -0.629408 -0.036351 -0.190007 -0.127723 -0.764569
art 0.380404 0.020539 -0.003610 -0.308099 0.311806 -0.147998 0.523233 -0.504133 0.223604 -0.118225 0.486511 0.243555 0.277694 -0.556456 -0.255504 -0.022679 0.103925 -0.105603 0.253987 -0.045188 -0.401681 -0.083227 -0.257824 0.700555 -0.194252 -0.280212 -0.312072 -0.660047 0.169977 -1.023080 0.137485 -0.042634 0.218228 0.211771 0.021702 0.171107 0.073764 0.070343 -0.254844 0.411459 -0.465717 -0.288911 -0.218990 0.759746 -0.093196 -0.174638 -0.147381 0.355089 0.318606 0.401957
r 0.299760 -0.233965 0.154585 -0.233290 -0.263403 -0.459305 -0.194667 -0.239958 0.799778 -0.212911 0.153368 0.334503 0.226677 -0.809975 -0.256949 0.399973 0.068163 -0.241378 -0.423249 -0.567864 -0.025677 -0.306630 -0.370544 0.714432 0.169010 0.578192 0.232435 0.204938 0.218068 -0.675809 0.341012 -0.320546 -0.212355 -0.433994 -0.100266 0.224909 -0.214231 0.497759 -0.000039 0.467722 -0.060778 -0.103691 0.531781 -0.030728 0.244519 -0.028723 0.170037 -0.005399 0.028318 0.030038
pp 0.091094 -0.121267 0.360273 -0.603418 -0.484200 -0.374368 -0.208707 0.231976 0.735244 -0.058613 -0.405730 -0.244380 0.245053 -0.381124 -0.058890 0.490708 0.143952 0.120702 -0.008934 -0.393313 0.008300 0.126369 0.139057 0.445472 0.468290 0.590352 -0.527538 0.255494 0.092366 0.068822 0.483409 -0.479704 0.370483 -0.337280 0.143720 0.030120 0.049896 -0.208589 -0.230344 0.179457 -0.189247 0.154400 0.237217 -0.222761 -0.249984 -0.412188 -0.146617 -0.314952 -0.144903 -0.706828
interp 0.122552 -0.425947 0.401656 -0.396874 -0.445521 -0.637856 -0.464179 0.138524 0.883550 -0.245489 -0.232891 0.111775 0.215718 -0.568261 -0.102364 0.393414 0.261039 -0.189528 -0.394258 -0.680202 0.149822 -0.130322 -0.038326 0.596255 0.538197 0.777256 -0.086302 0.253837 0.025406 -0.163869 0.334416 -0.614561 0.115048 -0.461048 0.114249 0.234615 -0.045081 0.497062 0.106975 -0.072991 -0.007775 -0.195872 0.599418 -0.298734 -0.090226 -0.177080 0.247838 -0.291871 -0.227978 -0.479132
 0.570598 -0.638848 -0.154660 -0.187915 -0.076077 -0.764688 -0.426284 0.051739 0.881405 -0.358526 -0.085734 0.101389 0.586003 -0.640802 -0.037459 0.234002 0.318660 -0.677977 -0.279115 -0.156016 -0.023693 -0.423637 -0.484411 0.730826 0.033865 0.367557 -0.257583 0.071495 -0.043912 -0.853494 0.295169 -0.608505 0.276756 -0.288982 -0.110395 0.435917 -0.155126 0.560510 -0.144489 -0.093761 -0.473812 -0.329513 0.450639 -0.070816 0.186257 0.168871 0.025209 0.216754 0.274545 -0.378439
appr 0.127772 0.222568 0.045023 -0.152309 -0.037724 0.271193 0.760686 -0.436842 -0.170518 -0.681646 0.488001 0.745607 0.441441 -0.565270 0.139790 -0.183891 -0.180602 0.362874 0.034708 0.020769 -0.222684 0.156956 0.289205 0.501870 -0.172564 -0.488915 -0.091316 -0.719070 0.245030 -0.933359 -0.135605 -0.156277 0.374876 0.087663 0.126029 0.084444 -0.009235 -0.341115 -0.210966 0.478933 -0.464200 0.147321 0.176811 0.424595 -0.251054 -0.539288 -0.141569 0.202684 -0.069565 0.053916
num 0.136111 -0.292672 0.126600 -0.651058 -0.436682 -0.144979 -0.126824 0.220248 0.774620 -0.165357 -0.373059 -0.120769 0.325627 -0.489791 -0.003981 0.480092 0.003439 0.069113 -0.144850 -0.359898 -0.081172 0.272476 0.184832 0.284354 0.526830 0.500608 -0.309985 0.500223 0.135692 0.347434 0.441452 -0.702652 0.527720 -0.458241 0.179217 -0.230078 0.115248 -0.304536 -0.325492 0.272869 -0.096233 0.318818 0.275362 -0.353889 0.050517 -0.381751 0.017145 -0.317471 -0.135128 -0.732930
c 0.621938 -0.057167 -0.004542 -0.282872 -0.157192 -0.227333 0.042526 -0.237422 0.730017 -0.323083 0.369642 0.248408 0.131036 -0.721367 -0.372919 0.581868 -0.225706 -0.088413 -0.628792 -0.286337 -0.339024 -0.570166 -0.602721 0.327129 0.245126 0.305465 0.253415 0.179818 0.378460 -0.847749 0.167467 0.034181 -0.625350 -0.213653 -0.235253 0.137105 -0.753902 0.530060 -0.121417 0.255363 -0.200815 -0.026097 0.288155 0.105428 0.116144 -0.165831 0.363674 -0.016827 0.081359 -0.002324
npp -0.363976 0.140720 0.053909 -0.357729 0.055508 -0.207097 0.245247 0.149493 -0.442337 0.451126 0.084169 -0.058178 -0.332264 0.545934 -0.250019 -0.569414 0.168669 0.157904 -0.124159 -0.254858 0.074142 -0.336415 0.401424 0.117481 -0.307860 -0.931888 -0.215834 -0.644614 0.169267 0.215783 -0.299426 0.007377 -0.116902 0.517312 -0.194214 -0.046435 0.209547 -0.153291 0.070182 -0.821227 -0.350408 -0.331373 -0.299877 0.799472 -0.245818 0.014332 0.056020 0.240012 -0.347468 0.503232
ne 0.185695 0.086694 -0.476745 -0.038109 0.128714 -0.103369 0.355975 -0.480408 -0.031452 -0.210745 0.572407 0.389906 0.313861 -0.314092 -0.703848 -0.411159 -0.373453 -0.244689 -0.008754 -0.147577 0.114244 -0.292793 0.022697 0.560239 -0.513859 -0.536396 0.132314 -0.263853 0.120307 -1.035244 -0.255449 0.326079 -0.161346 0.577778 -0.381727 -0.082981 -0.187585 0.050259 -0.434050 0.303306 -0.536525 0.057453 -0.006296 0.692458 -0.023164 -0.185024 -0.213198 0.579226 0.143060 0.555921
adja 0.599385 0.161653 -0.198975 -0.279893 -0.220023 0.124797 0.642830 -0.195166 -0.075669 -0.487721 0.181239 0.161906 0.482870 -0.576396 -0.022996 0.232298 -0.146270 0.234410 -0.058006 0.101247 -0.329341 -0.141076 -0.198688 0.341851 -0.389578 -0.535636 -0.061334 -0.535323 0.231871 -1.025397 -0.120836 -0.099829 0.277874 0.048107 0.151615 0.053848 -0.016994 -0.242014 -0.392575 0.434402 -0.414760 0.009616 0.233860 0.254733 0.094585 -0.182009 -0.153970 0.539794 0.431186 0.173561
jj 0.118476 -0.075131 0.160143 -0.476917 -0.404860 -0.203834 -0.132645 0.194490 0.700814 -0.167741 -0.352961 -0.162064 0.297798 -0.386724 0.026451 0.457401 -0.044441 0.111810 0.005745 -0.282115 -0.081241 0.132584 0.089128 0.229964 0.418442 0.515756 -0.463324 0.439855 0.109802 0.088088 0.479833 -0.412384 0.293134 -0.293370 0.110612 -0.100717 -0.087694 -0.257664 -0.363463 0.177982 -0.234542 0.272643 0.146348 -0.271670 -0.222531 -0.415438 -0.144838 -0.362059 -0.222191 -0.771759
prep 0.241919 -0.506352 0.319081 -0.371075 -0.465606 -0.523731 -0.329375 0.047318 0.691405 -0.438438 -0.228586 0.133488 0.331038 -0.558901 -0.043406 0.545139 0.010605 -0.174520 -0.404852 -0.551097 -0.011023 -0.173190 -0.154858 0.381549 0.546086 0.723020 -0.164341 0.102681 -0.042128 -0.307404 0.158328 -0.495895 0.193464 -0.387220 0.268380 0.164039 -0.166024 0.453857 0.002034 -0.231215 0.009541 -0.199161 0.523273 -0.414675 -0.114133 -0.330866 0.398109 -0.147794 -0.010289 -0.625874
ab 0.017609 -0.101559 0.300690 -0.349819 -0.372553 -0.410121 -0.390274 0.240305 0.656236 -0.189319 -0.241226 0.027187 0.205153 -0.369479 -0.039872 0.209781 0.062435 0.035786 -0.120598 -0.406206 0.089458 -0.005972 0.131144 0.261210 0.410366 0.535923 -0.509552 0.460020 -0.016917 0.053696 0.393740 -0.423770 0.183898 -0.244404 0.103169 0.037947 -0.014590 -0.027993 -0.216946 0.119617 -0.224103 0.106088 0.367768 -0.403009 -0.067129 -0.382964 -0.163206 -0.401896 -0.296638 -0.647503
p+d -0.309440 -0.254105 0.201751 -0.230988 -0.068920 0.120345 0.464621 0.020986 -0.255922 0.185385 -0.322987 0.025501 -0.238275 0.135782 0.684716 0.258975 0.191203 0.246026 -0.195416 -0.128006 -0.382704 0.164335 -0.044584 -0.040383 0.087512 -0.167802 0.321914 -0.640930 0.272669 0.510266 0.014435 -0.521210 0.210496 -0.452308 0.290397 0.042186 0.295945 -0.057021 0.441251 -0.644962 0.334876 -0.334215 -0.167587 0.206142 -0.215511 0.258889 0.595202 -0.027158 -0.114649 0.120000
mad 0.080145 -0.189152 0.279034 -0.432503 -0.185904 -0.313038 -0.207172 0.130236 0.715401 0.045526 -0.287384 -0.218147 0.177677 -0.294648 0.039259 0.378531 0.269331 -0.051737 0.081099 -0.236058 -0.055555 0.154538 0.035032 0.454243 0.418650 0.553134 -0.386790 0.172715 0.074699 0.072832 0.473628 -0.464937 0.331408 -0.348836 0.073824 0.124249 0.066265 -0.057518 -0.061296 0.096705 -0.147982 0.014539 0.046745 -0.061419 -0.227020 -0.161469 -0.062584 -0.299147 -0.139600 -0.561876
$. -0.087119 -0.189691 -0.400049 -0.569555 -0.239856 -0.395950 0.296115 -0.173700 0.092178 0.291559 -0.009274 0.050513 0.380846 -0.080069 -0.341407 -0.215282 0.148907 -0.099583 -0.101746 -0.107840 0.289500 -0.252254 0.376770 1.309267 -0.728193 -0.587095 -0.153581 -0.607539 0.283361 -0.713662 0.075308 -0.376636 0.483922 0.173300 -0.523971 0.147846 0.150190 -0.596816 -0.277449 0.099549 -0.788558 0.241909 -0.080974 1.004840 -0.207544 -0.011624 -0.409892 0.813521 0.130046 0.151153
$ -0.025937 -0.281064 -0.275516 -0.172939 -0.065973 -0.351394 0.107082 -0.205505 0.283255 -0.435609 0.119919 0.613358 0.662974 -0.411221 0.030261 -0.365706 0.080303 -0.268788 -0.209109 -0.069287 0.225822 -0.223022 0.321266 0.979466 -0.375640 -0.308811 -0.167423 -0.400824 0.205668 -0.931256 0.131166 -0.561073 0.458373 0.024213 -0.345696 0.315343 -0.034361 -0.173189 -0.149605 0.022721 -0.895733 0.149010 0.283354 0.438128 -0.188876 -0.191720 -0.298474 0.430626 -0.151780 -0.256187
vpp 0.067656 0.132143 0.513863 -0.487275 -0.308012 -0.423822 0.194444 0.258685 -0.006289 -0.161066 0.077671 0.281936 -0.069485 -0.370989 0.046168 -0.141653 0.389485 0.367303 -0.445615 -0.586449 -0.166917 -0.319464 0.097918 0.278664 -0.006331 -0.555030 -0.380687 -0.592427 0.234737 -0.311645 -0.016448 -0.627292 0.109754 -0.058682 0.296949 0.229903 0.362516 0.192442 0.117261 -0.239993 -0.322800 -0.553118 0.538708 0.125965 0.174839 -0.132761 0.075417 0.035453 -0.229840 0.333908
dt 0.151817 -0.196319 0.294146 -0.410577 -0.186068 -0.355321 -0.326443 0.222641 0.770032 0.033502 -0.268789 -0.196753 0.151734 -0.341912 0.062484 0.440432 0.222240 -0.046884 -0.025914 -0.234985 -0.142088 0.001212 -0.086554 0.303411 0.463957 0.575183 -0.491245 0.343222 0.065001 0.120195 0.509532 -0.475312 0.206828 -0.367899 0.063774 0.106871 -0.038351 -0.009046 -0.109625 0.072720 -0.188239 0.021425 0.099420 -0.233605 -0.057925 -0.191470 -0.030528 -0.368655 -0.118449 -0.640015
pn 0.039917 -0.055143 0.248895 -0.213436 -0.259799 -0.419489 -0.471125 0.190552 0.702377 -0.176427 -0.086526 0.142002 0.146251 -0.388565 -0.074636 0.126755 0.058759 -0.071424 -0.185321 -0.396431 0.092060 -0.109907 0.013161 0.267699 0.368353 0.539522 -0.382939 0.582913 0.019518 -0.030542 0.401190 -0.342444 -0.043358 -0.252275 -0.041846 0.096476 -0.138321 0.111358 -0.186063 0.222188 -0.232970 0.104564 0.386936 -0.375047 0.025815 -0.293744 -0.146237 -0.445115 -0.345480 -0.543664
vvfin -0.006052 0.360415 -0.004331 -0.280149 -0.102937 -0.019662 0.524679 -0.401271 0.069397 -0.358199 0.315651 0.406201 0.357258 -0.479708 -0.443338 -0.214086 -0.462266 0.230066 0.133391 -0.429107 -0.161772 -0.020752 0.187882 0.273402 -0.096490 -0.331097 -0.348185 -0.187389 0.297638 -0.707630 0.149543 0.129745 -0.001567 0.404054 0.026460 -0.223771 -0.015486 -0.268179 -0.575997 0.414396 -0.600447 0.115971 -0.046713 0.432223 -0.277130 -0.648812 -0.347874 0.122386 -0.294678 0.136293
m 0.623202 -0.359149 -0.091439 -0.371860 -0.021506 -0.218773 0.028331 -0.253327 0.535637 -0.079385 0.320755 0.090494 0.213055 -0.594501 -0.305290 0.525162 0.047111 -0.216970 -0.394049 -0.024914 -0.258441 -0.364868 -0.497708 0.593613 0.035236 0.201484 0.137260 -0.115912 0.145762 -0.703346 0.040632 -0.200849 -0.029990 -0.231356 -0.116132 0.165808 -0.323988 0.256074 -0.046071 0.410805 -0.128486 -0.029698 0.200041 0.159017 0.445315 -0.006598 0.282119 0.366369 0.599210 0.098003
praet 0.173108 -0.434521 0.212098 -0.638691 -0.579296 -0.536706 -0.338897 0.123850 0.691187 -0.056756 -0.272001 -0.102739 0.141636 -0.512644 -0.442095 0.508863 -0.100926 -0.083340 -0.498686 -0.773881 0.019887 -0.205299 -0.140500 0.278266 0.489558 0.578888 -0.136505 0.457342 0.045903 0.088873 0.233054 -0.480231 0.060350 -0.318766 0.172524 -0.173464 -0.006050 0.246074 -0.174710 0.012692 0.074586 -0.052509 0.486677 -0.388798 0.284422 -0.292029 0.303910 -0.023888 0.024651 -0.267061
cc -0.384299 0.072680 0.326192 -0.294862 -0.279182 -0.164549 0.293869 0.163482 -0.340621 0.279414 -0.192741 0.066458 -0.399828 0.191960 0.220832 -0.008618 0.054793 0.387539 -0.378137 -0.491584 -0.189119 -0.237826 0.044798 -0.128843 -0.016181 -0.424728 0.039666 -0.461988 0.291532 0.386231 -0.028344 -0.254894 -0.213570 -0.096775 0.185322 -0.024694 0.237300 0.002824 0.218229 -0.660908 0.087479 -0.366022 0.019982 0.212382 -0.091054 0.057723 0.365855 0.002394 -0.336443 0.344765
kn 0.047326 -0.194143 0.264646 -0.423079 -0.252686 -0.340085 -0.255373 0.141313 0.725885 0.002662 -0.288965 -0.158339 0.206290 -0.331624 -0.004636 0.365034 0.191481 -0.042269 0.030466 -0.291579 -0.031328 0.102617 0.054998 0.391557 0.435030 0.578090 -0.403078 0.275542 0.075706 0.107038 0.480833 -0.453610 0.292992 -0.324758 0.066908 0.069400 0.021951 -0.063540 -0.105850 0.119621 -0.155653 0.076714 0.114363 -0.161521 -0.166310 -0.235667 -0.064549 -0.328810 -0.166752 -0.597002
prt -0.065712 0.069013 0.374791 -0.357791 -0.250511 -0.642135 -0.643430 0.330246 0.711200 0.152212 -0.147155 0.001498 0.035390 -0.351100 -0.061138 0.054221 0.186220 0.044955 -0.001691 -0.346631 0.038572 -0.140968 -0.045238 0.305580 0.263490 0.519726 -1.075526 0.709284 -0.109921 0.131436 0.711960 -0.447556 0.122207 -0.178433 -0.009984 0.115855 0.099336 -0.206996 -0.391505 0.489759 -0.437402 0.123750 0.287354 -0.429538 0.270019 -0.375688 -0.604182 -0.466801 -0.272960 -0.591006
$lrb -0.156964 0.050741 -0.423496 -0.287241 -0.000782 -0.023090 0.406111 -0.326642 -0.185846 0.082098 0.208339 0.232591 0.374947 -0.042502 -0.454943 -0.368156 -0.304641 -0.003261 0.027578 -0.054009 0.085248 -0.145310 0.345181 0.560835 -0.546510 -0.653889 -0.211429 -0.394044 0.254765 -0.536219 -0.051879 0.007541 0.258961 0.476962 -0.334394 -0.188456 0.087276 -0.573788 -0.413006 0.185991 -0.694522 0.321488 -0.259675 0.692188 -0.054671 -0.297397 -0.381409 0.665559 0.023275 0.239834
vinf 0.239577 0.310297 0.601655 -0.380584 -0.338853 -0.446650 -0.132742 0.537527 -0.072212 -0.067095 0.104008 -0.014247 -0.292089 -0.177578 -0.191462 -0.155443 0.496386 0.393454 -0.439944 -0.473875 0.027971 -0.445401 0.061242 -0.000350 0.019859 -0.542898 -0.440900 -0.346362 0.030499 -0.161292 -0.191046 -0.354349 -0.108810 0.089969 0.299628 0.236908 0.325081 0.342544 0.123800 -0.173910 -0.154507 -0.580920 0.700064 -0.146356 0.398313 -0.034391 -0.029138 -0.046284 -0.067696 0.432333
k 0.376959 -0.418863 -0.124994 -0.300569 -0.152727 -0.239195 -0.114893 -0.205698 0.701878 -0.125023 0.103108 0.090732 0.282425 -0.506005 -0.331515 0.488651 -0.058175 -0.293956 -0.502268 -0.240106 -0.055677 -0.300062 -0.280896 0.564121 0.184359 0.405278 0.359009 0.127747 0.261853 -0.483994 0.131303 -0.234001 -0.114030 -0.302307 -0.237889 0.087069 -0.395292 0.303470 0.039288 0.152225 -0.093717 0.094580 0.229515 0.102264 0.153637 -0.022850 0.349103 0.185496 0.182344 -0.135949
qub 0.144041 -0.213411 0.364481 -0.377751 -0.363118 -0.465762 -0.431512 0.088313 0.849124 -0.123735 0.037331 0.204793 0.011506 -0.502751 -0.160068 0.438026 0.123262 -0.044500 -0.596580 -0.506977 0.041756 -0.340101 -0.137154 0.517817 0.510575 0.679607 -0.012168 0.375733 0.180943 -0.175515 0.321614 -0.396436 -0.292877 -0.461101 -0.154903 0.226920 -0.388878 0.354920 0.111796 0.139082 -0.051964 0.056720 0.514018 -0.254269 0.064962 -0.227796 0.261870 -0.371075 -0.226760 -0.416725
mid 0.035882 -0.196804 0.240712 -0.428708 -0.268934 -0.361310 -0.295134 0.120010 0.684939 0.020864 -0.268047 -0.157425 0.219272 -0.298031 -0.122592 0.322099 0.169899 -0.071371 -0.000974 -0.320235 0.054538 0.069046 0.109146 0.448504 0.376813 0.542321 -0.400795 0.251976 0.060725 0.055480 0.426141 -0.410875 0.276989 -0.257703 0.029262 0.049372 0.028441 -0.066944 -0.108669 0.120508 -0.189055 0.106730 0.132735 -0.121397 -0.169595 -0.254018 -0.091319 -0.225568 -0.136236 -0.567732
fin 0.254974 -0.434932 0.147633 -0.601348 -0.597834 -0.498000 -0.208821 0.119831 0.708246 -0.141018 -0.331702 -0.156045 0.189663 -0.557955 -0.345898 0.616258 -0.130477 -0.107340 -0.437319 -0.750818 -0.072458 -0.167106 -0.232146 0.225116 0.468208 0.569174 -0.050325 0.435000 0.072117 0.013339 0.232561 -0.447599 0.080485 -0.321993 0.230063 -0.192392 -0.051171 0.298796 -0.246186 -0.103900 0.105619 -0.102134 0.435700 -0.327590 0.128869 -0.237907 0.343596 -0.053293 0.029628 -0.298742
vafin 0.138733 0.326807 0.003153 -0.513174 -0.244995 -0.012824 0.459700 -0.209198 0.093622 -0.148104 0.300954 0.277802 0.242678 -0.411737 -0.410846 0.016588 -0.346901 0.390324 -0.176876 -0.252983 -0.214695 -0.224785 0.123135 0.364511 -0.159414 -0.423432 -0.385894 -0.245198 0.363124 -0.618644 0.106788 -0.007512 -0.000471 0.240615 -0.090124 -0.150074 -0.143063 -0.461592 -0.498800 0.477025 -0.633766 0.279802 0.035104 0.408349 0.001362 -0.581892 -0.287489 0.250022 -0.057324 0.081746
x 0.162253 -0.659177 -0.593104 -0.276811 -0.287206 -0.176632 0.023189 -0.164035 0.550831 -0.108454 -0.440246 -0.029755 0.471730 -0.421629 -0.170023 0.653658 -0.719978 -0.436435 -0.629589 -0.519716 -0.364928 -0.415313 -0.549065 -0.286000 0.169969 0.287731 0.409468 0.626542 0.396224 0.038242 0.272470 -0.342521 -0.166957 -0.283958 -0.009103 -0.463992 -0.332697 0.184604 -0.350191 -0.511726 -0.098184 0.109178 -0.058305 -0.289998 0.316404 0.011431 0.681110 0.329622 -0.017486 -0.282452
kon 0.092354 0.152350 -0.097576 -0.367864 -0.067139 -0.077347 0.537121 -0.396132 -0.041543 -0.106352 0.383790 0.425587 0.271642 -0.361109 -0.213672 -0.052168 -0.217671 0.215737 -0.188068 -0.077764 -0.210109 -0.337141 0.021003 0.668157 -0.384319 -0.523669 -0.245036 -0.620045 0.363488 -0.905366 0.064523 -0.021318 0.019393 0.202678 -0.204587 0.098132 -0.152988 -0.374043 -0.298951 0.337391 -0.679809 0.175976 -0.076855 0.670138 -0.080774 -0.384830 -0.192988 0.508125 0.107952 0.213840
vvpp 0.105625 0.209330 -0.320711 -0.451386 -0.232103 -0.163118 0.509908 -0.205962 -0.020846 -0.282191 -0.080885 0.068153 0.690368 -0.504033 -0.525607 -0.315526 -0.304212 0.054118 0.267702 -0.517220 -0.036042 0.014232 0.248883 0.301004 -0.477028 -0.671189 -0.470492 -0.202997 0.219033 -0.720959 0.173815 -0.206300 0.558174 0.493012 0.188994 -0.347185 0.566687 -0.434035 -0.814264 0.350287 -0.811717 0.022869 0.096163 0.331360 0.077760 -0.367290 -0.615111 0.621376 0.000474 0.282230
s 0.659249 -0.249912 -0.109554 -0.169967 -0.005619 -0.096703 -0.058552 -0.137329 0.612971 -0.281042 0.251904 0.074973 0.234295 -0.533189 -0.160876 0.549927 -0.002525 -0.231719 -0.420784 0.116304 -0.223618 -0.353123 -0.497585 0.345267 0.164411 0.332623 0.218922 0.078973 0.178045 -0.706414 0.062864 -0.078948 -0.195310 -0.257035 -0.183971 0.211952 -0.578738 0.360263 -0.009329 0.258719 -0.141933 0.055325 0.205039 0.026150 0.182150 0.003749 0.293609 0.109289 0.372557 -0.171964
cls 0.018855 0.320665 0.288257 -0.714790 -0.369841 -0.296280 0.579165 -0.049555 0.075460 -0.169540 0.217081 0.329206 0.147189 -0.506285 -0.328697 -0.229338 0.054539 0.441896 -0.113115 -0.736933 -0.168368 -0.094834 0.327933 0.559975 -0.143058 -0.671901 -0.469251 -0.523442 0.347311 -0.505444 0.049604 -0.406351 0.260360 0.212513 0.177647 -0.095944 0.383347 -0.240577 -0.384064 0.140579 -0.542021 -0.234663 0.276839 0.583259 -0.118946 -0.448953 -0.206836 0.117957 -0.375416 0.372377
adjd 0.168066 -0.064576 -0.260263 -0.444182 -0.102236 -0.159543 0.407536 -0.276964 0.160856 -0.219673 0.211629 0.312773 0.430615 -0.535636 -0.384389 -0.118870 -0.242351 -0.032194 -0.154980 -0.339013 -0.160468 -0.198442 0.037432 0.442805 -0.275816 -0.493873 -0.202125 -0.216160 0.284135 -0.655373 0.092576 -0.299516 0.268334 0.209680 -0.011820 -0.180439 0.145291 -0.220108 -0.487735 0.274362 -0.605667 0.054993 0.122222 0.381845 0.233785 -0.294694 -0.146563 0.495231 0.089798 0.245418
apprart 0.218906 0.165646 -0.053123 -0.226149 0.089677 0.097211 0.753629 -0.488255 -0.087856 -0.271004 0.291623 0.284863 0.380378 -0.450268 -0.037449 -0.022721 -0.071386 0.148130 0.323496 0.036172 -0.314867 0.101656 -0.007873 0.606317 -0.321271 -0.424670 -0.191920 -0.805116 0.230454 -0.983415 0.054463 0.015346 0.340967 0.193960 0.087390 0.114352 0.111435 -0.262905 -0.298930 0.401688 -0.465039 -0.078953 -0.207345 0.713259 -0.348182 -0.260890 -0.240567 0.411167 0.203213 0.256645
prorel -0.213243 0.286715 0.338668 -0.445548 -0.419829 -0.187750 0.654542 -0.098138 -0.127190 -0.033848 -0.055244 0.209877 -0.069755 -0.257877 0.116347 0.018289 0.061204 0.490125 -0.008781 -0.592234 -0.135619 0.054791 0.192764 0.507724 -0.169644 -0.361052 -0.079590 -0.649088 0.323174 -0.300044 0.083618 -0.236855 0.109437 -0.052102 0.184480 0.041059 0.300002 -0.194876 -0.131084 -0.063652 -0.135769 -0.250330 0.124768 0.574223 -0.509049 -0.202775 -0.029293 0.016853 -0.344469 0.315435
card 0.469706 0.011167 -0.085997 -0.543465 -0.023270 0.173201 0.718050 -0.478159 0.110858 -0.126744 0.392437 0.163652 0.233950 -0.649972 -0.308734 0.320777 -0.134313 0.195640 -0.046430 -0.051549 -0.429602 0.042055 -0.213039 0.558708 -0.177068 -0.311922 0.053126 -0.542109 0.302400 -0.745952 0.007084 -0.114577 0.273687 -0.009432 0.104894 -0.113015 0.072551 -0.247021 -0.297073 0.710380 -0.179157 0.068732 -0.051064 0.562022 0.236910 -0.227075 0.037987 0.525585 0.528180 0.438890
pper -0.018990 -0.169979 -0.224879 -0.193856 -0.305302 -0.488675 0.154147 -0.323662 0.287504 -0.248798 0.093825 0.574613 0.418284 -0.660942 -0.233021 -0.117884 -0.269802 -0.196661 -0.336460 -0.616394 0.059678 -0.388677 -0.123691 0.693763 -0.390380 -0.155294 0.018344 -0.024194 0.251340 -0.834080 0.259399 -0.342084 -0.025123 -0.050961 -0.159298 0.033263 0.049993 0.042331 -0.395083 0.300734 -0.542593 0.006474 0.401722 0.230443 0.211657 -0.130469 -0.163282 0.437658 -0.053463 0.243526
rg 0.046649 -0.155224 0.141915 -0.335917 -0.193623 -0.226317 -0.200800 0.144470 0.569795 -0.055563 -0.274366 -0.128158 0.220740 -0.269966 0.010919 0.282120 0.077395 -0.038938 -0.002632 -0.233910 -0.044918 0.087204 0.060951 0.218536 0.342349 0.437216 -0.340046 0.306868 0.069567 0.118809 0.392614 -0.383449 0.239187 -0.252663 0.055205 -0.006521 -0.003842 -0.089574 -0.150299 0.063479 -0.173345 0.107129 0.085006 -0.184859 -0.128099 -0.225823 -0.052712 -0.267437 -0.177732 -0.550008
cs -0.172011 0.252940 0.425582 -0.529172 -0.524639 -0.273689 0.421109 0.062614 -0.061257 0.146263 -0.165037 0.076758 -0.252011 -0.253698 0.074148 0.246759 -0.014279 0.540657 -0.326397 -0.753877 -0.262586 -0.182604 -0.065719 0.138769 -0.028437 -0.249989 -0.134398 -0.341096 0.357668 0.030625 0.202126 -0.296768 -0.154625 -0.181117 0.273356 -0.048022 0.270747 -0.109556 -0.092273 -0.084654 -0.026439 -0.262226 0.204376 0.173141 -0.072973 -0.147403 0.129688 -0.035517 -0.276064 0.312361
vvinf 0.062295 0.268611 -0.248615 -0.371610 -0.401583 -0.281726 0.333604 -0.054041 0.041905 -0.159528 -0.158305 -0.069872 0.496643 -0.392546 -0.488008 -0.239144 -0.306394 0.088738 0.317156 -0.550283 0.082279 0.013244 0.193418 0.296329 -0.469413 -0.442511 -0.456994 0.063345 0.084637 -0.540965 0.176369 -0.045808 0.353913 0.412298 0.101401 -0.318316 0.455065 -0.409037 -0.850888 0.344200 -0.588600 0.035988 0.182405 0.226738 -0.027533 -0.286100 -0.687006 0.380419 -0.093961 0.193237
pc 0.094031 -0.109509 0.132489 -0.292545 -0.166605 -0.186277 -0.160748 0.100695 0.525880 -0.084866 -0.193329 -0.105785 0.176982 -0.278560 -0.006114 0.285076 0.041409 -0.020377 0.011880 -0.179531 -0.063125 0.056765 -0.000106 0.197048 0.312848 0.393810 -0.313979 0.296426 0.069995 0.049999 0.335753 -0.286032 0.175399 -0.210306 0.040430 -0.012592 -0.051849 -0.074367 -0.173931 0.107442 -0.147045 0.117974 0.078320 -0.158673 -0.118750 -0.235611 -0.065521 -0.252008 -0.138467 -0.482430
pm -0.034357 -0.170468 0.076937 -0.264301 -0.230858 -0.265509 -0.298448 0.122926 0.528121 -0.035521 -0.216718 -0.054271 0.219381 -0.215245 -0.112959 0.178467 -0.005676 -0.086948 -0.081851 -0.280184 0.114440 -0.013223 0.118779 0.281489 0.252037 0.395538 -0.262069 0.353088 0.062641 0.067796 0.320096 -0.309664 0.132537 -0.174531 -0.060521 -0.010822 -0.054639 -0.095604 -0.142122 0.084485 -0.226167 0.197943 0.160559 -0.205852 -0.055477 -0.238720 -0.090080 -0.155749 -0.184424 -0.489146
sn 0.053227 -0.094676 0.190201 -0.220231 -0.185518 -0.247163 -0.235149 0.080169 0.424478 -0.089806 -0.120419 -0.017057 0.136567 -0.245993 -0.041773 0.165149 0.066418 -0.020461 -0.023433 -0.211241 0.038095 0.036509 0.043840 0.235620 0.282759 0.395750 -0.302705 0.227815 -0.024723 -0.017994 0.245132 -0.237487 0.137023 -0.161942 0.047926 0.060929 -0.020841 0.014134 -0.094852 0.110868 -0.093534 0.039499 0.161317 -0.180654 -0.081164 -0.221249 -0.089506 -0.220389 -0.115593 -0.390746
hp 0.060389 -0.084824 0.170966 -0.216704 -0.158057 -0.219620 -0.203714 0.063327 0.480127 -0.082398 -0.101024 -0.011273 0.123609 -0.268056 -0.029157 0.193467 0.069257 -0.028960 -0.029414 -0.189168 0.009812 0.044036 0.006236 0.253934 0.274534 0.415009 -0.264750 0.258446 0.004830 -0.030883 0.282773 -0.225629 0.107217 -0.182344 0.010554 0.060348 -0.065767 0.025019 -0.103650 0.160690 -0.098427 0.070992 0.145137 -0.140230 -0.088101 -0.201493 -0.064648 -0.242873 -0.124978 -0.372116
pro -0.007150 0.093629 0.195969 -0.457811 -0.219829 -0.338390 0.150868 0.210354 -0.120656 -0.015842 0.133486 0.238188 -0.028049 -0.134207 -0.185046 -0.286071 0.157344 0.262352 -0.492537 -0.435369 -0.051606 -0.473926 0.191605 0.211418 -0.188236 -0.768557 -0.349146 -0.471362 0.243834 -0.254256 -0.128305 -0.424570 -0.003121 0.188293 0.035747 0.060686 0.219143 -0.011786 -0.019130 -0.316042 -0.497484 -0.291221 0.330419 0.259371 0.263649 -0.163468 0.018876 0.259692 -0.188840 0.354372
clr -0.146063 0.071443 0.305801 -0.464638 -0.312672 -0.491632 0.334643 0.017717 0.024834 -0.094846 0.035360 0.299076 0.005761 -0.358910 -0.146498 -0.278475 0.238062 0.173693 -0.198991 -0.823703 -0.020922 -0.142493 0.201504 0.510531 -0.134650 -0.506640 -0.185531 -0.514979 0.213606 -0.336438 -0.006968 -0.522466 0.155910 0.064240 0.200360 0.069372 0.477216 0.178039 -0.057574 -0.241875 -0.283206 -0.557659 0.387010 0.442721 -0.092656 -0.084061 0.018703 0.104475 -0.375398 0.492940
ie 0.114193 -0.044993 0.163076 -0.147901 -0.103694 -0.216944 -0.255487 0.099727 0.478614 -0.088148 -0.055197 0.017131 0.091544 -0.256018 0.008507 0.176499 0.104559 -0.037589 -0.059763 -0.125453 -0.020206 -0.043934 -0.053877 0.201044 0.263609 0.383190 -0.275072 0.308596 -0.000981 -0.033769 0.274783 -0.202605 0.014967 -0.206915 -0.019417 0.104562 -0.125183 0.056134 -0.103461 0.159457 -0.116332 0.054390 0.164363 -0.180596 -0.024216 -0.149495 -0.081389 -0.290374 -0.132900 -0.378342
vmfin 0.106068 0.346180 0.005681 -0.405515 -0.238629 -0.058073 0.452222 -0.127674 -0.038900 -0.225016 0.141659 0.203655 0.321374 -0.360760 -0.282056 -0.135624 -0.202466 0.349653 0.026266 -0.259542 -0.141560 -0.114086 0.202292 0.311421 -0.259745 -0.530292 -0.470091 -0.349162 0.271364 -0.632519 0.114556 -0.070631 0.188820 0.294931 0.062027 -0.093995 0.132045 -0.427869 -0.485459 0.328268 -0.662805 0.114735 0.076972 0.366906 -0.087540 -0.462697 -0.420439 0.293482 -0.086809 0.110295
pad 0.045131 -0.109530 0.146689 -0.258204 -0.174529 -0.209161 -0.144507 0.096849 0.420800 -0.032664 -0.183868 -0.074791 0.157222 -0.212254 -0.032360 0.194001 0.085093 -0.021023 0.002112 -0.203992 -0.006704 0.054957 0.048669 0.233288 0.231434 0.291069 -0.253443 0.145362 0.040291 0.036011 0.260516 -0.289282 0.195195 -0.180105 0.050435 0.030846 0.041918 -0.050762 -0.096461 0.063654 -0.125417 0.045857 0.095299 -0.105734 -0.081230 -0.165279 -0.054173 -0.164553 -0.097357 -0.359683
inf 0.197492 -0.217911 0.184559 -0.319429 -0.317527 -0.355928 -0.262253 0.089882 0.579201 -0.155681 -0.063881 0.037147 0.087254 -0.396766 -0.170980 0.357102 0.037651 -0.065459 -0.377932 -0.409253 0.001913 -0.198367 -0.136161 0.291910 0.333679 0.411704 -0.034140 0.277319 0.081765 -0.128776 0.164277 -0.314764 -0.083572 -0.268957 0.019768 0.068724 -0.173657 0.283662 -0.038505 0.039890 -0.017132 -0.058341 0.394946 -0.207458 0.078120 -0.144230 0.203598 -0.166583 -0.060218 -0.251486
ppron3 0.264492 -0.217568 0.194284 -0.244695 -0.251233 -0.354342 -0.309602 0.121992 0.544464 -0.111818 -0.026423 0.030320 0.037274 -0.386796 -0.115798 0.353553 0.112218 -0.101921 -0.386899 -0.295333 -0.009158 -0.267925 -0.243512 0.260673 0.294436 0.402043 -0.038938 0.282314 0.023215 -0.155347 0.156468 -0.273312 -0.125258 -0.301744 -0.005168 0.133743 -0.207068 0.298251 0.009878 0.087350 0.008138 -0.051059 0.400448 -0.270433 0.213928 -0.058910 0.192611 -0.123089 0.067354 -0.222198
kous 0.139061 0.490708 0.087254 -0.261245 -0.346737 -0.128284 0.455544 -0.183261 -0.035916 -0.390526 0.264200 0.334874 0.226414 -0.437771 -0.358820 -0.125070 -0.335134 0.360344 -0.058963 -0.452749 -0.053364 -0.250625 0.104028 0.289483 -0.256902 -0.446906 -0.242260 -0.262253 0.256075 -0.848696 -0.004846 0.162204 -0.175561 0.320172 0.016180 -0.036135 -0.070203 -0.162497 -0.500827 0.341361 -0.550334 0.024760 0.286541 0.313862 -0.210805 -0.484862 -0.330212 0.154937 -0.206387 0.232093
comp 0.239291 -0.166476 0.102956 -0.241986 -0.313429 -0.303180 -0.166711 0.069884 0.543612 -0.182967 -0.059595 0.032498 0.098552 -0.392981 -0.078923 0.422085 -0.068068 -0.063012 -0.362291 -0.325017 -0.068678 -0.251416 -0.242263 0.220576 0.271637 0.409764 0.037586 0.310410 0.107045 -0.201943 0.174816 -0.184174 -0.191082 -0.279635 -0.026601 0.062595 -0.322651 0.247354 -0.114926 -0.005921 -0.023556 0.005507 0.320125 -0.190932 -0.004900 -0.139795 0.209199 -0.179652 -0.062071 -0.305073
clo -0.050877 0.186111 0.354258 -0.582043 -0.379322 -0.451375 0.367739 0.029260 0.065663 0.000097 0.051515 0.222069 -0.052499 -0.418187 -0.236650 -0.106743 0.147412 0.296829 -0.222363 -0.842119 -0.132204 -0.198344 0.094065 0.440688 -0.096879 -0.474393 -0.287328 -0.433704 0.277074 -0.321948 0.084895 -0.416739 0.067633 0.062684 0.224918 -0.008062 0.427068 0.066902 -0.178631 -0.077159 -0.295239 -0.451135 0.338761 0.405025 -0.014443 -0.183832 -0.026819 0.079521 -0.298829 0.488619
et -0.471186 -0.221320 -0.384989 -0.471928 -0.298181 -0.075888 0.675356 -0.268003 -0.431813 0.099118 -0.164714 0.495146 0.229748 -0.101365 -0.037350 -0.138695 -0.652799 0.198206 -0.696018 -0.631977 -0.322994 -0.500112 0.119336 -0.031816 -0.434804 -0.949062 0.095410 -0.488340 0.648026 -0.037208 0.041561 -0.491525 0.002088 0.103453 0.000929 -0.430332 0.199775 -0.482653 -0.246728 -0.602453 -0.588900 0.072497 -0.163201 0.425525 0.237162 -0.226330 0.363533 0.787743 -0.266232 0.373083
piat 0.393315 0.096479 -0.035678 -0.374526 -0.018688 -0.010422 0.572773 -0.355852 0.125698 -0.199776 0.301664 0.169264 0.298668 -0.562517 -0.176555 0.162522 -0.046023 0.111888 0.065828 -0.074616 -0.333250 -0.048061 -0.167651 0.555906 -0.207879 -0.293155 -0.126494 -0.529311 0.245426 -0.858883 0.086356 -0.075238 0.223165 0.079225 0.078230 0.062901 0.034475 -0.144841 -0.312566 0.487215 -0.371168 -0.057778 -0.012004 0.528632 -0.026325 -0.207701 -0.135033 0.381481 0.315291 0.267353
pposat 0.394359 0.120310 -0.077774 -0.267684 0.068760 -0.044508 0.500020 -0.397733 0.158625 -0.139475 0.323947 0.107406 0.257364 -0.499247 -0.220868 0.142468 -0.007413 0.024724 0.216728 0.001669 -0.281873 -0.030678 -0.245716 0.593352 -0.244963 -0.205394 -0.117590 -0.461669 0.160004 -0.891309 0.097257 0.065387 0.161626 0.110386 -0.001376 0.113232 -0.003347 -0.062008 -0.317048 0.529047 -0.318162 -0.080280 -0.086724 0.569687 -0.095071 -0.138465 -0.182970 0.333037 0.333749 0.305836
prels 0.320200 0.428847 0.123545 -0.270063 -0.236359 -0.168112 0.382303 -0.238346 0.116788 -0.297635 0.428034 0.306880 0.114240 -0.554632 -0.440760 0.025714 -0.232449 0.276843 -0.078774 -0.383434 -0.145083 -0.282160 -0.131365 0.387726 -0.192107 -0.248473 -0.192571 -0.203650 0.206259 -0.917156 0.038750 0.218995 -0.284428 0.224523 -0.009457 0.026718 -0.160165 0.006423 -0.449946 0.576006 -0.389860 -0.033597 0.289258 0.329457 -0.025183 -0.391381 -0.259381 0.141005 0.014442 0.343328
pl 0.069215 -0.045174 0.128253 -0.158743 -0.132004 -0.197010 -0.218213 0.087903 0.408078 -0.076628 -0.078937 0.016058 0.104605 -0.227860 -0.028651 0.140571 0.032199 -0.024914 -0.042531 -0.159351 0.006723 -0.026189 -0.020627 0.152411 0.213855 0.322155 -0.233338 0.259391 0.004393 -0.025485 0.237246 -0.185648 0.044434 -0.153482 0.004468 0.035866 -0.065281 0.019489 -0.123506 0.128404 -0.125918 0.060343 0.152093 -0.170647 -0.017303 -0.168697 -0.086689 -0.220341 -0.111939 -0.341412
vpr -0.074777 0.126598 0.396172 -0.296309 -0.195550 -0.196820 0.011227 0.398321 -0.266436 0.139376 -0.045028 0.020820 -0.351475 0.134773 0.097263 -0.096099 0.236462 0.381242 -0.534212 -0.298821 -0.131963 -0.413556 0.054535 -0.260369 0.036619 -0.538916 -0.219603 -0.366923 0.169867 0.261627 -0.150192 -0.339028 -0.192054 -0.001210 0.197211 0.084686 0.178755 0.110334 0.259395 -0.543675 -0.094664 -0.378618 0.258587 -0.076353 0.277353 0.001772 0.257485 -0.002493 -0.177722 0.262347
ptkvz 0.126204 0.304119 -0.172314 -0.215524 -0.172840 -0.101915 0.350010 -0.183028 -0.082057 -0.178288 0.160669 0.143603 0.284779 -0.332427 -0.398778 -0.164905 -0.313098 0.144227 0.077329 -0.282249 -0.051140 -0.174055 0.015251 0.208960 -0.380621 -0.446975 -0.251849 -0.145329 0.166333 -0.647976 0.029491 0.130397 0.001346 0.365420 -0.016910 -0.153584 0.092877 -0.246647 -0.541244 0.386138 -0.495011 0.082185 0.099719 0.266036 0.047319 -0.302514 -0.408390 0.360195 0.037599 0.297445
ha 0.028166 -0.102382 0.100963 -0.159112 -0.120274 -0.166551 -0.140536 0.038448 0.336661 -0.064948 -0.096363 -0.009831 0.114575 -0.183939 -0.049703 0.142127 0.032062 -0.035364 -0.006440 -0.163299 0.010291 0.029333 0.018148 0.196257 0.198491 0.286740 -0.175471 0.160007 0.001366 -0.016387 0.194861 -0.174703 0.112991 -0.111037 0.027385 0.027733 -0.002788 0.024634 -0.076502 0.079326 -0.078355 0.041339 0.116242 -0.105754 -0.050676 -0.156479 -0.034282 -0.133704 -0.068158 -0.272415
: 0.407775 -0.239454 -0.078070 -0.175823 -0.043972 -0.217074 -0.049506 -0.165674 0.556482 -0.190357 0.151470 0.110973 0.265491 -0.471472 -0.185013 0.323131 0.044750 -0.247207 -0.247652 -0.077398 -0.089769 -0.228316 -0.289298 0.498009 0.081473 0.283554 0.126494 0.019778 0.149910 -0.592677 0.140152 -0.155473 -0.042779 -0.202484 -0.170782 0.182727 -0.315732 0.248755 -0.035532 0.233685 -0.179377 0.010815 0.195701 0.118336 0.074651 -0.013302 0.131361 0.129430 0.192143 -0.118272
prf 0.109411 -0.086232 -0.142464 -0.187480 -0.081514 -0.191347 0.222675 -0.334942 0.221137 -0.243732 0.296071 0.501401 0.308753 -0.517480 -0.150522 -0.045929 -0.183995 -0.055216 -0.234584 -0.230477 -0.087574 -0.229795 -0.072263 0.556425 -0.220208 -0.143743 -0.035651 -0.144443 0.218813 -0.709738 0.131306 -0.192877 0.041642 -0.010251 -0.135151 0.063565 -0.090934 -0.066695 -0.265346 0.386282 -0.435041 0.115527 0.207383 0.253249 0.152275 -0.231021 -0.091039 0.309918 0.062566 0.115572
ppas 0.258953 -0.207601 0.142409 -0.200805 -0.220103 -0.325834 -0.270192 0.114880 0.483217 -0.135524 -0.062119 -0.019023 0.072608 -0.336490 -0.059376 0.326623 0.089848 -0.111976 -0.272164 -0.240024 -0.029986 -0.191088 -0.252556 0.201462 0.245403 0.387302 -0.037462 0.248529 -0.014352 -0.162303 0.141310 -0.240034 -0.080515 -0.272492 0.025028 0.123895 -0.172511 0.303687 -0.027520 0.027526 0.020648 -0.085123 0.350002 -0.251051 0.117828 -0.041157 0.156580 -0.133523 0.055567 -0.223614
ps 0.056480 -0.076017 0.092406 -0.150093 -0.087125 -0.144496 -0.114619 0.046676 0.321830 -0.036374 -0.075189 -0.030885 0.092165 -0.178068 -0.022770 0.157629 0.057933 -0.052732 -0.016105 -0.113311 -0.030081 0.019262 -0.009317 0.167314 0.181075 0.250223 -0.152716 0.142691 0.031063 -0.016745 0.197902 -0.168847 0.085289 -0.139320 0.004880 0.030221 -0.040629 0.008758 -0.059687 0.076724 -0.086446 0.038485 0.073396 -0.066433 -0.055339 -0.092370 -0.038109 -0.137867 -0.051897 -0.249792
ptkneg 0.116946 0.059751 -0.062043 -0.335029 -0.171897 -0.129752 0.263738 -0.215694 0.163490 -0.148589 0.177416 0.273760 0.276924 -0.453737 -0.233089 -0.000120 -0.122899 0.109464 -0.097628 -0.229305 -0.054468 -0.092441 0.047567 0.499932 -0.183611 -0.184731 -0.181933 -0.138461 0.190949 -0.557285 0.161212 -0.179407 0.169453 0.035446 -0.049142 -0.030189 0.051758 -0.266601 -0.331354 0.489878 -0.425260 0.174299 0.157294 0.264253 0.118433 -0.281669 -0.248069 0.271764 0.084025 0.090848
pis 0.165964 0.015161 -0.129487 -0.251165 -0.133869 -0.213056 0.240096 -0.188177 0.131498 -0.207043 0.218493 0.307376 0.299579 -0.449605 -0.248380 -0.090364 -0.116606 -0.018476 -0.160708 -0.262876 -0.054885 -0.266130 -0.038019 0.478412 -0.284487 -0.329853 -0.124201 -0.212834 0.178667 -0.708204 0.053170 -0.176946 0.071989 0.114625 -0.081418 0.022417 0.020566 -0.077868 -0.310762 0.287098 -0.463132 0.014155 0.222600 0.276666 0.152814 -0.180014 -0.174708 0.361686 0.096572 0.217971
proav 0.010531 0.086290 -0.072513 -0.183708 -0.222402 -0.246813 0.248641 -0.229494 0.074732 -0.211960 0.167754 0.398371 0.246067 -0.409970 -0.187581 -0.118387 -0.162890 0.044613 -0.147439 -0.377370 0.031570 -0.229660 0.035258 0.520924 -0.309967 -0.260636 -0.061977 -0.199415 0.187951 -0.686836 0.089118 -0.129132 -0.011949 0.083319 -0.092731 0.052708 0.008903 -0.084619 -0.307323 0.260057 -0.432691 0.028713 0.248364 0.288524 -0.028194 -0.194946 -0.207896 0.273165 -0.073718 0.189556
ptkzu 0.060913 0.170727 -0.068213 -0.437961 -0.035846 -0.146114 0.415174 -0.064004 -0.114247 0.019426 0.152262 0.128309 0.255571 -0.156794 -0.213754 -0.232588 0.014971 0.187443 -0.030901 -0.064016 -0.160146 -0.272355 0.182275 0.433108 -0.394714 -0.737761 -0.511010 -0.597830 0.280027 -0.585827 0.057568 -0.201848 0.252883 0.318015 -0.081586 0.050182 0.144597 -0.416729 -0.307453 0.055996 -0.750686 -0.011653 -0.097858 0.571884 -0.015146 -0.258814 -0.332567 0.464647 0.028926 0.186177
aglt 0.168690 -0.198816 0.176172 -0.186523 -0.176577 -0.248896 -0.258106 0.024215 0.457507 -0.102488 0.037207 0.101322 0.051848 -0.310892 -0.114347 0.316655 0.026178 -0.062076 -0.346093 -0.210917 -0.035217 -0.212006 -0.177282 0.236198 0.301473 0.405592 -0.015264 0.185537 0.056378 -0.145925 0.146970 -0.196464 -0.123920 -0.255190 -0.039240 0.122043 -0.245091 0.231807 0.062342 0.083738 -0.000210 0.031071 0.278045 -0.212261 0.148861 -0.150138 0.211222 -0.126419 0.019866 -0.230765
ger 0.283791 -0.200791 0.121825 -0.166885 -0.242104 -0.328939 -0.238372 0.128514 0.408122 -0.167031 -0.074919 -0.008789 0.095075 -0.331249 -0.038409 0.308730 0.067397 -0.114189 -0.290218 -0.223122 -0.035690 -0.216269 -0.263711 0.171177 0.192838 0.299452 -0.038514 0.200127 -0.014993 -0.186518 0.086932 -0.238464 -0.063269 -0.248971 0.073741 0.112605 -0.145843 0.294873 -0.042542 -0.007764 0.004593 -0.126273 0.361250 -0.247563 0.147062 -0.014304 0.165571 -0.080234 0.104633 -0.201348
pds 0.042047 -0.090288 -0.225391 -0.132316 -0.085294 -0.149111 0.228226 -0.286576 0.111959 -0.241264 0.183759 0.412070 0.348450 -0.395267 -0.173417 -0.124715 -0.212785 -0.099857 -0.162654 -0.205488 -0.011358 -0.188500 0.011477 0.456393 -0.269393 -0.223129 0.013759 -0.143632 0.177613 -0.627947 0.061476 -0.178348 0.094226 0.079879 -0.114785 -0.014860 -0.009999 -0.089118 -0.273203 0.239937 -0.428165 0.090125 0.162081 0.252611 0.109080 -0.168062 -0.118922 0.364094 0.045158 0.130257
vainf 0.032120 0.180318 -0.172767 -0.342092 -0.345340 -0.246972 0.143129 -0.002086 0.061641 -0.022939 -0.025803 0.019716 0.253100 -0.219082 -0.462672 -0.099246 -0.266346 0.117885 -0.071457 -0.368907 0.107879 -0.234183 0.124141 0.277656 -0.325572 -0.358901 -0.277708 0.061967 0.155381 -0.384929 0.087255 -0.013293 0.029461 0.274424 -0.106302 -0.193117 0.093697 -0.323853 -0.537340 0.234777 -0.505428 0.165285 0.162758 0.181842 0.100145 -0.259247 -0.388627 0.347288 -0.041643 0.125037
pred 0.182047 -0.163764 0.111268 -0.190561 -0.216735 -0.251819 -0.161403 0.066678 0.350663 -0.119134 -0.038446 0.033295 0.078591 -0.275606 -0.087690 0.244828 0.020554 -0.057575 -0.261862 -0.242374 -0.021106 -0.189527 -0.141381 0.184998 0.172463 0.231785 -0.035896 0.124291 0.048958 -0.145762 0.095811 -0.210576 -0.045682 -0.186900 0.035789 0.067885 -0.117961 0.214497 -0.024361 -0.029398 -0.029028 -0.063260 0.264659 -0.156727 0.080342 -0.076662 0.140869 -0.040089 0.017397 -0.156216
ppron12 0.190533 -0.123783 0.099010 -0.131959 -0.191570 -0.238654 -0.220624 0.083785 0.390538 -0.097719 -0.019194 0.027085 0.043581 -0.280797 -0.065438 0.240095 0.033109 -0.073277 -0.255924 -0.208873 -0.004692 -0.187519 -0.188090 0.183350 0.174777 0.304607 0.000286 0.241460 0.038104 -0.133657 0.123136 -0.162643 -0.125510 -0.224559 -0.023886 0.086570 -0.175325 0.213173 -0.034510 0.060505 -0.010385 -0.021999 0.279712 -0.180643 0.095667 -0.030332 0.100736 -0.108254 0.000307 -0.164492
pdat 0.290636 0.147720 0.001729 -0.249988 -0.024836 -0.000246 0.444760 -0.273041 0.089894 -0.133927 0.196704 0.060565 0.196358 -0.397382 -0.104584 0.161870 -0.016289 0.109720 0.176916 -0.037335 -0.245326 0.038197 -0.156254 0.451958 -0.169056 -0.150257 -0.108636 -0.388457 0.147856 -0.663538 0.091402 0.025916 0.163983 0.035580 0.058501 0.076547 0.037202 -0.124330 -0.265427 0.435369 -0.222272 -0.045285 -0.040053 0.412193 -0.120343 -0.133711 -0.175823 0.236799 0.245855 0.199232
kokom 0.166713 0.147007 -0.019585 -0.220523 -0.077754 0.045658 0.390903 -0.197588 -0.025893 -0.289058 0.260241 0.319157 0.265004 -0.371035 -0.106977 -0.045326 -0.138336 0.192741 -0.090134 -0.086044 -0.169519 -0.100916 0.056137 0.277178 -0.145806 -0.351513 -0.162496 -0.347445 0.196934 -0.587119 -0.012924 -0.084918 0.137681 0.110477 0.040536 0.003680 -0.007256 -0.186983 -0.238515 0.305918 -0.388490 0.077013 0.121069 0.242287 0.028093 -0.320258 -0.127114 0.240221 0.072952 0.105709
pwav 0.089335 0.230701 -0.000222 -0.170641 -0.131330 -0.068952 0.331800 -0.195550 -0.006099 -0.244729 0.220495 0.275275 0.197818 -0.318409 -0.185146 -0.077353 -0.207917 0.195600 -0.025132 -0.204503 -0.094694 -0.133225 0.039465 0.269576 -0.176428 -0.284924 -0.180506 -0.228424 0.183268 -0.593235 0.018440 0.038527 -0.030809 0.176108 -0.011178 -0.007133 -0.049560 -0.151607 -0.304334 0.284621 -0.386573 0.058622 0.104202 0.266069 -0.091074 -0.311831 -0.202593 0.181662 -0.057160 0.144363
vapp 0.102813 0.139579 -0.182031 -0.266857 -0.170263 -0.073294 0.252491 -0.072834 -0.055286 -0.062248 0.047181 0.025463 0.283881 -0.192368 -0.303241 -0.065945 -0.192402 0.107918 -0.008323 -0.135558 0.006986 -0.147949 0.098232 0.237298 -0.329897 -0.421915 -0.207161 -0.173595 0.168955 -0.438298 0.029640 -0.033025 0.142497 0.238354 -0.042919 -0.127985 0.106697 -0.320877 -0.404831 0.234706 -0.469130 0.137350 0.056256 0.249618 0.073085 -0.207579 -0.313497 0.399775 0.097181 0.133203
vvizu 0.135696 0.138419 -0.140376 -0.163328 -0.095534 0.011515 0.313788 -0.141174 -0.043988 -0.150029 0.083265 0.090533 0.264277 -0.244892 -0.180111 -0.032567 -0.190524 0.102887 0.082165 -0.083029 -0.101709 -0.040839 0.012843 0.158315 -0.220212 -0.293810 -0.145486 -0.164646 0.126034 -0.435836 0.025017 0.009962 0.140175 0.185408 0.028487 -0.091244 0.074038 -0.215697 -0.339932 0.245894 -0.318560 0.067847 0.015286 0.194565 0.005414 -0.196248 -0.216660 0.260934 0.085289 0.130588
pact 0.217396 -0.179655 0.047560 -0.114193 -0.117516 -0.202465 -0.145049 0.024198 0.306410 -0.117087 -0.030530 0.002402 0.097979 -0.250614 -0.062841 0.226670 0.036500 -0.129812 -0.151538 -0.148175 -0.023848 -0.131313 -0.182171 0.145715 0.146673 0.231555 -0.007227 0.113243 -0.023651 -0.169116 0.073867 -0.148570 0.000019 -0.160955 0.040254 0.067805 -0.091519 0.222088 -0.035314 0.014935 0.013606 -0.083034 0.205054 -0.144838 0.080475 -0.022173 0.107022 -0.027318 0.083669 -0.125026
brev 0.139987 -0.115160 0.047670 -0.145896 -0.176733 -0.166249 -0.078760 0.051699 0.254567 -0.080078 -0.046073 -0.010363 0.049354 -0.210838 -0.033346 0.255199 -0.045719 -0.024438 -0.192600 -0.162336 -0.061514 -0.152563 -0.162915 0.088129 0.128711 0.194155 -0.024822 0.120781 0.045363 -0.115520 0.076667 -0.105796 -0.069664 -0.153860 0.024451 0.024214 -0.148823 0.117319 -0.080929 -0.022422 -0.016488 -0.010621 0.177288 -0.130642 0.051131 -0.070730 0.116559 -0.040377 0.037003 -0.141579
bedzie 0.115094 -0.129250 0.093694 -0.158670 -0.126763 -0.176130 -0.114457 0.025225 0.269364 -0.065176 -0.017190 0.029712 0.042954 -0.204299 -0.054692 0.190598 0.035638 -0.046481 -0.177506 -0.161910 -0.024087 -0.127642 -0.117837 0.121550 0.149813 0.204706 -0.037699 0.090997 0.034410 -0.093058 0.072232 -0.160861 -0.031135 -0.128443 0.032131 0.044150 -0.087041 0.154905 -0.005284 -0.002125 -0.005000 -0.060612 0.178446 -0.107150 0.063249 -0.050155 0.135526 -0.045385 0.025895 -0.107798
? 0.221290 -0.095839 -0.098512 -0.092589 -0.023002 -0.089804 0.022127 -0.121889 0.250701 -0.097477 0.109221 0.037142 0.159519 -0.237034 -0.146800 0.153461 -0.030536 -0.122565 -0.077894 -0.029545 -0.058877 -0.110602 -0.146885 0.257074 -0.013604 0.078848 0.055459 -0.000704 0.061911 -0.365088 0.038209 -0.014081 -0.004365 -0.041235 -0.103854 0.051801 -0.154309 0.097501 -0.099862 0.163956 -0.115224 0.019948 0.062630 0.125828 0.018114 -0.018402 0.012503 0.109783 0.131586 -0.012284
imps 0.150613 -0.119169 0.064324 -0.108703 -0.096799 -0.161277 -0.111247 0.038998 0.238271 -0.082880 -0.017518 0.002147 0.066789 -0.187783 -0.055916 0.153791 0.044836 -0.070698 -0.134351 -0.123728 -0.020658 -0.108482 -0.122816 0.115934 0.112610 0.179331 -0.016485 0.097207 -0.002455 -0.110353 0.058024 -0.127566 -0.022469 -0.113731 0.035026 0.048452 -0.075118 0.160837 -0.016744 0.004229 -0.007844 -0.060276 0.161499 -0.115388 0.079891 -0.026746 0.086197 -0.029635 0.053145 -0.082561
vs -0.031207 0.072450 0.238975 -0.305611 -0.194771 -0.111328 0.221546 0.113718 -0.075116 0.107317 -0.068759 -0.027076 -0.167681 -0.089628 0.043848 0.100286 0.093013 0.269027 -0.188206 -0.352250 -0.183469 -0.075264 -0.037737 -0.023534 0.022657 -0.238539 -0.062050 -0.234834 0.164221 0.146873 0.013796 -0.231155 -0.009578 -0.072318 0.211075 -0.058020 0.234086 -0.002348 0.033208 -0.165287 0.054265 -0.247462 0.103062 0.086074 0.063250 -0.005354 0.174050 -0.008885 -0.088484 0.243972
o 0.230818 -0.124700 -0.090340 -0.095965 -0.031229 -0.107120 0.009683 -0.121337 0.237239 -0.087327 0.118512 0.060162 0.135542 -0.253651 -0.167065 0.168955 -0.058979 -0.138046 -0.117984 -0.041397 -0.075304 -0.147491 -0.189694 0.220642 -0.010730 0.083124 0.071482 0.037492 0.048890 -0.343911 0.047167 -0.009534 -0.063709 -0.052779 -0.078977 0.030393 -0.160007 0.120838 -0.096055 0.173825 -0.087795 0.020651 0.078769 0.066450 0.110066 -0.028197 0.057923 0.142560 0.173635 0.010609
trunc 0.233259 0.019107 -0.188368 -0.175302 -0.006589 0.056968 0.360424 -0.205665 0.005374 -0.238641 0.185234 0.165117 0.289160 -0.328223 -0.169825 0.006482 -0.173949 0.016583 0.007489 -0.046558 -0.175990 -0.026912 -0.053233 0.176457 -0.176613 -0.301164 -0.011748 -0.208045 0.134927 -0.487292 -0.049976 -0.041536 0.157013 0.133594 0.044382 -0.099879 0.030246 -0.100866 -0.271950 0.220884 -0.253786 0.015366 0.024451 0.237658 0.081352 -0.140928 -0.053141 0.310739 0.170483 0.173334
xy -0.019159 -0.078201 -0.316755 -0.149971 -0.061234 0.029618 0.227398 -0.195850 -0.056819 0.014808 0.037517 0.095249 0.228770 -0.090283 -0.210631 -0.069468 -0.229384 -0.048454 -0.040483 -0.033001 0.030541 -0.054706 0.088387 0.276980 -0.286600 -0.246444 0.089659 -0.100099 0.135649 -0.268410 -0.027722 -0.012303 0.128428 0.137551 -0.160172 -0.149790 0.005170 -0.282355 -0.216085 0.119212 -0.258509 0.212729 -0.089795 0.298036 0.022399 -0.093819 -0.081269 0.398636 0.080873 0.117928
ro 0.050726 -0.040456 0.028080 -0.105810 -0.058736 -0.075755 -0.027489 0.022357 0.147530 -0.032158 -0.034711 -0.002312 0.063177 -0.096112 -0.016207 0.083572 -0.010293 -0.013294 -0.048943 -0.078269 -0.019446 -0.036835 -0.010056 0.058757 0.075216 0.068407 -0.087166 0.067974 0.022405 -0.024160 0.085640 -0.091049 0.032313 -0.048675 0.007751 -0.009678 -0.027494 -0.000695 -0.069033 0.014629 -0.061035 0.019290 0.043553 -0.054350 -0.003853 -0.072737 0.004554 -0.029880 -0.016313 -0.118226
impt 0.109630 -0.093756 0.024420 -0.104745 -0.106287 -0.122614 -0.089239 0.012191 0.228178 -0.059019 -0.015936 0.019156 0.054090 -0.169259 -0.085076 0.145995 -0.021525 -0.049950 -0.148462 -0.149008 -0.011678 -0.094378 -0.080541 0.106108 0.092862 0.163202 0.008873 0.117891 0.026591 -0.091292 0.066535 -0.097096 -0.036953 -0.082786 0.001422 0.013189 -0.091303 0.103787 -0.037665 0.042732 -0.015881 0.002861 0.148670 -0.078781 0.057027 -0.046220 0.079858 -0.020169 0.009523 -0.072999
pref -0.137254 -0.034321 0.117772 -0.143488 -0.082472 -0.078223 0.099884 0.131755 -0.216076 0.113572 -0.067554 0.065179 -0.165693 0.142291 0.175029 -0.069129 0.123820 0.140096 -0.274258 -0.109051 -0.080026 -0.175398 0.064086 -0.043136 -0.063288 -0.337990 0.009993 -0.360135 0.139696 0.147099 -0.086815 -0.239943 -0.021135 -0.061902 0.055310 0.074061 0.124296 0.005776 0.222311 -0.428833 -0.043550 -0.203033 0.032857 0.104386 0.043704 0.091743 0.217569 0.078294 -0.099924 0.151622
siebie 0.125048 -0.084096 0.051622 -0.113791 -0.121993 -0.139443 -0.093879 0.033653 0.219598 -0.056448 -0.000003 0.030809 0.027265 -0.188319 -0.056068 0.151875 0.008518 -0.024648 -0.166329 -0.134071 -0.031882 -0.119981 -0.120544 0.106552 0.107000 0.153658 -0.012429 0.115173 0.033773 -0.095215 0.066721 -0.114311 -0.062832 -0.118213 -0.004854 0.041182 -0.099688 0.111036 -0.028065 0.033642 -0.018458 -0.011430 0.152610 -0.080125 0.068082 -0.050150 0.059699 -0.044938 0.020465 -0.078678
koui 0.154817 0.172736 -0.004206 -0.157472 -0.099467 -0.006793 0.296127 -0.136045 -0.038381 -0.204736 0.185711 0.176247 0.156441 -0.259179 -0.160238 -0.030321 -0.150581 0.149644 -0.024941 -0.139108 -0.106358 -0.094973 -0.000251 0.161259 -0.158330 -0.286898 -0.120080 -0.212178 0.124905 -0.459458 -0.032802 0.031682 0.004909 0.149556 0.043341 -0.028609 -0.000370 -0.103651 -0.243485 0.234291 -0.275381 -0.006128 0.098065 0.186835 -0.006835 -0.212485 -0.145407 0.184707 0.032453 0.169790
i 0.125809 -0.056595 -0.006542 -0.132193 -0.059471 -0.098499 0.052290 -0.053065 0.127459 -0.064410 0.073771 0.076215 0.064688 -0.186235 -0.104088 0.084639 -0.031956 -0.023644 -0.147339 -0.113920 -0.095434 -0.150548 -0.119366 0.123856 0.008211 -0.030231 0.026313 -0.043150 0.092126 -0.226998 0.013299 -0.062394 -0.073574 -0.018213 -0.027235 0.021362 -0.083976 0.087934 -0.051963 0.029884 -0.102419 -0.054362 0.081317 0.072382 0.054602 -0.051561 0.092961 0.076542 0.034572 0.062030
z 0.157873 -0.059744 -0.063849 -0.070751 -0.027075 -0.059848 0.016720 -0.087251 0.163940 -0.083338 0.078792 0.052299 0.098021 -0.180393 -0.105494 0.103607 -0.038866 -0.083692 -0.095996 -0.028885 -0.046872 -0.107401 -0.105870 0.139579 -0.010170 0.042370 0.034158 0.020727 0.053753 -0.251635 0.020762 -0.016264 -0.021363 -0.023065 -0.055592 0.023939 -0.118814 0.062602 -0.068387 0.118016 -0.100399 0.022424 0.068329 0.046876 0.061529 -0.018477 0.019918 0.099035 0.105585 -0.003386
hd 0.013775 -0.007406 0.006750 -0.022069 -0.019706 -0.020290 -0.012447 -0.001193 0.042674 0.002495 -0.003728 -0.002392 0.006259 -0.040225 -0.010274 0.034240 0.009257 0.000468 -0.002142 -0.025440 -0.013283 0.002281 -0.011799 0.050088 0.025865 0.036381 -0.021934 -0.003917 0.008679 -0.012032 0.034657 -0.028281 0.010683 -0.017579 0.003729 0.009724 0.006450 -0.000195 -0.005987 0.005471 -0.018840 0.005604 -0.005099 0.000480 -0.010034 -0.020444 -0.007613 -0.011415 0.001344 -0.035460
pws 0.086142 0.092026 -0.047871 -0.116504 -0.062035 -0.051256 0.179768 -0.111500 0.018214 -0.125095 0.128471 0.140877 0.132352 -0.193955 -0.139859 -0.043986 -0.109921 0.057312 -0.020267 -0.115491 -0.046629 -0.076662 -0.007997 0.167970 -0.122400 -0.174285 -0.087390 -0.102711 0.087548 -0.334447 0.005876 0.004629 0.019530 0.113778 -0.002677 -0.013964 -0.000396 -0.063216 -0.191224 0.166012 -0.229332 0.024270 0.073226 0.146790 0.002329 -0.143000 -0.110893 0.144342 0.023986 0.105250
vminf 0.048814 0.053035 -0.064052 -0.164478 -0.056304 -0.086502 0.164747 -0.045130 -0.015442 -0.065806 0.087022 0.118645 0.135393 -0.139010 -0.149434 -0.110772 -0.056202 0.046065 -0.060747 -0.110788 -0.050274 -0.132853 0.055049 0.169867 -0.158940 -0.272040 -0.168804 -0.160674 0.114420 -0.283648 0.017360 -0.082271 0.065944 0.127936 -0.021150 -0.028682 0.055860 -0.117472 -0.182811 0.077702 -0.308675 -0.002819 0.039069 0.188131 0.048025 -0.128202 -0.133203 0.188960 -0.002379 0.109354
; 0.117491 -0.033209 -0.054646 -0.056320 -0.018937 -0.037623 0.021419 -0.068162 0.116836 -0.059467 0.055502 0.037276 0.088430 -0.130257 -0.089832 0.073740 -0.025043 -0.056635 -0.058343 -0.007334 -0.031796 -0.064506 -0.085450 0.133004 -0.025875 0.018218 0.011280 -0.009330 0.028223 -0.204048 0.022795 -0.004628 -0.006858 -0.018292 -0.041852 0.021843 -0.082671 0.028449 -0.070877 0.102461 -0.063961 0.025695 0.036810 0.063201 0.037543 -0.014832 0.002728 0.081251 0.090016 0.000620
uo 0.035387 -0.022891 0.001009 -0.059478 -0.032809 -0.056117 -0.001511 -0.013469 0.059036 -0.021730 -0.011646 0.018291 0.049953 -0.068713 -0.037666 0.028424 0.001705 -0.018939 -0.027546 -0.052190 -0.005077 -0.024239 -0.001736 0.070940 0.006023 0.018381 -0.026288 0.003128 0.023424 -0.047910 0.025987 -0.058638 0.018571 -0.019963 -0.000978 -0.001787 0.004630 0.009161 -0.032411 0.015860 -0.053378 0.001125 0.033941 0.006705 0.009470 -0.040145 -0.002650 0.018480 -0.007713 -0.027608
advwh -0.068407 0.018265 0.102396 -0.160391 -0.104664 -0.084451 0.121349 0.049793 -0.055899 0.058854 -0.041641 0.035270 -0.075332 -0.029126 0.022544 0.010968 0.030671 0.117514 -0.115004 -0.204283 -0.071575 -0.078086 0.020097 0.026054 -0.027300 -0.152645 -0.018602 -0.148618 0.107323 0.041712 0.006737 -0.130708 -0.018866 -0.032992 0.066903 -0.004303 0.109577 -0.001058 0.022837 -0.137952 -0.027974 -0.132515 0.058594 0.080160 0.009794 -0.005941 0.082177 0.027243 -0.092022 0.136621
appo 0.082736 0.034265 -0.046511 -0.080736 0.004709 0.008396 0.179158 -0.126560 0.009699 -0.098473 0.096604 0.103174 0.139196 -0.171711 -0.049937 -0.000878 -0.052313 0.042099 0.024876 0.003292 -0.069700 -0.025774 0.006651 0.164554 -0.096789 -0.126560 -0.055140 -0.157068 0.071094 -0.287687 0.018471 -0.012711 0.084465 0.051670 -0.004689 0.010277 -0.003998 -0.093400 -0.122519 0.152805 -0.180540 0.030572 0.013021 0.157382 -0.029384 -0.099012 -0.084223 0.127824 0.063251 0.048166
! 0.104134 -0.067076 -0.041023 -0.069813 -0.027230 -0.052884 0.007106 -0.055330 0.128554 -0.042270 0.045785 0.033388 0.080559 -0.139772 -0.071445 0.088390 -0.024988 -0.062618 -0.095129 -0.053883 -0.037947 -0.071408 -0.089374 0.116442 0.014638 0.040620 0.040308 -0.006169 0.043870 -0.158759 0.017174 -0.035235 -0.027696 -0.046022 -0.024235 0.012209 -0.068613 0.057065 -0.023962 0.042038 -0.037086 0.009995 0.049008 0.039755 0.035206 -0.011812 0.053907 0.070881 0.062092 -0.001478
prowh -0.018705 0.013080 0.098394 -0.139131 -0.076642 -0.120519 0.054762 0.056130 -0.022173 0.051605 -0.007982 0.036156 -0.071230 -0.030136 -0.009968 -0.028715 0.073358 0.073806 -0.124863 -0.154508 -0.056419 -0.112307 0.010292 0.041163 -0.021654 -0.165150 -0.063248 -0.144227 0.076779 -0.004438 0.004380 -0.129095 -0.021040 -0.011950 0.054862 0.025263 0.098050 0.036986 0.040099 -0.128637 -0.048083 -0.142522 0.067281 0.064708 0.053606 0.006599 0.068546 0.048721 -0.051529 0.123357
fm 0.031571 0.012665 -0.052789 -0.155442 -0.094138 -0.052483 0.148287 -0.048131 -0.040474 -0.021830 0.044291 0.063582 0.070722 -0.095949 -0.106353 -0.012961 -0.055347 0.055237 -0.101694 -0.100964 -0.032959 -0.100546 0.022980 0.137139 -0.116644 -0.218408 -0.016852 -0.135234 0.102126 -0.178249 -0.021650 -0.058179 0.039339 0.061140 -0.011272 -0.037855 0.037633 -0.096332 -0.093934 0.045785 -0.146137 0.007896 0.055605 0.131480 0.046783 -0.064898 -0.036028 0.177260 0.041960 0.130216
vimp -0.046211 0.037368 0.081423 -0.121176 -0.067551 -0.048883 0.087848 0.069477 -0.070910 0.036819 -0.020562 0.023219 -0.062432 0.005538 0.024586 -0.021338 0.037571 0.110491 -0.117470 -0.127292 -0.054405 -0.093363 0.044342 -0.005289 -0.023178 -0.167044 -0.043039 -0.154944 0.079743 0.030518 -0.033746 -0.115136 -0.014230 -0.002770 0.061875 0.000064 0.086448 -0.006201 0.046935 -0.131493 -0.049902 -0.100274 0.053573 0.055596 0.024246 -0.007695 0.069560 0.031473 -0.060862 0.086401
winien 0.060876 -0.050813 0.029927 -0.071444 -0.052499 -0.069636 -0.034495 -0.000356 0.105896 -0.043468 0.006446 0.036643 0.042889 -0.086398 -0.048848 0.060871 -0.003662 -0.016009 -0.085950 -0.058421 -0.014976 -0.055538 -0.046192 0.082602 0.041027 0.049868 -0.003826 0.012874 0.011402 -0.073732 0.028913 -0.063259 0.002828 -0.036465 0.007786 0.022778 -0.035948 0.054828 0.000241 0.008645 -0.023104 -0.008719 0.077003 -0.011381 0.037179 -0.039318 0.047017 0.017033 0.025829 -0.024756
ptka 0.059693 0.019546 -0.015424 -0.131359 -0.029351 -0.047916 0.150201 -0.083256 0.006507 -0.062741 0.083533 0.118263 0.097818 -0.138842 -0.068225 -0.046458 -0.027963 0.037200 -0.040844 -0.087008 -0.067480 -0.061643 0.030145 0.156547 -0.077179 -0.164275 -0.094371 -0.161833 0.095521 -0.244205 0.009451 -0.089135 0.074424 0.050566 -0.006313 -0.004010 0.043522 -0.067151 -0.111631 0.072404 -0.189848 -0.016994 0.027862 0.146264 0.022817 -0.105243 -0.061869 0.120140 0.009105 0.083183
p+pro -0.057855 -0.005989 0.131849 -0.177775 -0.073538 -0.108667 0.143173 0.032788 -0.050216 0.049039 -0.029962 0.045731 -0.074048 -0.038785 0.052804 -0.012122 0.091388 0.101470 -0.109781 -0.192728 -0.094083 -0.068314 0.003899 0.082240 -0.005342 -0.188846 -0.025739 -0.232168 0.105707 0.015177 0.001259 -0.199286 0.025429 -0.048781 0.102376 0.030593 0.143015 0.039690 0.066379 -0.180231 -0.024640 -0.207063 0.034751 0.134512 -0.001546 0.031325 0.112019 0.027495 -0.073773 0.158143
prelat 0.069104 0.060939 -0.029386 -0.112350 -0.035367 -0.043791 0.158122 -0.076029 0.004333 -0.072942 0.105678 0.101571 0.091338 -0.160836 -0.110614 -0.022312 -0.056136 0.048103 -0.031828 -0.081346 -0.061707 -0.086283 -0.009084 0.126575 -0.101675 -0.176066 -0.072650 -0.133528 0.083201 -0.263065 0.004626 -0.005170 0.006442 0.093130 -0.016204 0.002251 -0.002523 -0.044137 -0.122630 0.116703 -0.176028 -0.005157 0.052026 0.142186 0.015871 -0.113546 -0.060444 0.119396 0.038833 0.110368
apzr 0.068749 0.022027 -0.036029 -0.066499 -0.002187 -0.041486 0.100509 -0.077447 0.037143 -0.072253 0.095998 0.091570 0.096534 -0.142445 -0.073619 -0.016771 -0.031241 0.002241 -0.012726 -0.043116 -0.036224 -0.055043 0.002897 0.161779 -0.075967 -0.101516 -0.057796 -0.097154 0.051895 -0.231263 0.001660 -0.034711 0.038589 0.050046 -0.035993 0.007153 -0.006294 -0.036479 -0.099744 0.107566 -0.153106 0.012266 0.038313 0.114923 0.014528 -0.082434 -0.064566 0.107214 0.029817 0.048397
vvimp 0.016651 0.024903 -0.013211 -0.061977 -0.037136 -0.004974 0.082260 -0.039874 -0.009556 -0.043765 0.044186 0.067480 0.061356 -0.081932 -0.038149 -0.020321 -0.047333 0.027713 -0.017412 -0.029383 -0.027423 -0.018147 0.023449 0.076008 -0.049138 -0.080560 -0.030628 -0.076259 0.043112 -0.128686 0.001971 -0.020851 0.020248 0.034204 -0.011930 -0.016766 0.001292 -0.056542 -0.068657 0.073652 -0.094427 0.025031 0.016829 0.057839 0.015250 -0.052074 -0.023639 0.066673 0.003729 0.047401
pwat 0.030510 0.030877 0.011769 -0.086542 -0.034025 -0.018689 0.120684 -0.045467 -0.005214 -0.051464 0.062672 0.061452 0.052713 -0.109414 -0.036660 -0.017618 -0.013563 0.042420 -0.003757 -0.059998 -0.047640 -0.016186 0.007321 0.113354 -0.055021 -0.097548 -0.056728 -0.115992 0.056757 -0.158039 0.011307 -0.047851 0.039153 0.031865 0.025230 0.007821 0.026197 -0.029423 -0.067181 0.063099 -0.099146 -0.038047 0.013013 0.122467 -0.009789 -0.051374 -0.033957 0.073478 0.014872 0.071552
in 0.012317 -0.018653 0.002268 -0.021564 -0.007960 -0.012542 -0.006859 0.002110 0.024379 -0.004535 0.004130 0.003875 0.016163 -0.021516 -0.005500 0.015067 0.000084 0.002230 -0.009955 -0.010852 -0.007267 -0.008554 -0.000954 0.005871 0.017506 0.018055 -0.014403 0.017426 0.001488 -0.015667 0.022217 -0.009292 0.000013 -0.015621 -0.006858 0.003577 -0.002467 -0.006096 -0.021249 0.018669 -0.003960 0.002140 0.007330 -0.005947 -0.004155 -0.012968 -0.007545 -0.001061 -0.010242 -0.022025
adjp 0.054054 -0.025105 0.016390 -0.035776 -0.038229 -0.046447 -0.019731 0.004013 0.080848 -0.018217 0.001500 0.021551 0.018385 -0.072734 -0.030584 0.047732 -0.012709 -0.004995 -0.042703 -0.049587 -0.016287 -0.044917 -0.043325 0.051116 0.018693 0.046751 -0.006128 0.034862 0.020104 -0.045227 0.020473 -0.032602 -0.006398 -0.034532 -0.004247 0.014515 -0.041839 0.032873 -0.021558 0.025676 -0.024164 0.005801 0.051793 -0.026044 0.029566 -0.015904 0.007811 -0.000612 0.016625 -0.016793
y 0.056834 -0.025636 -0.015940 -0.038517 -0.007251 -0.029692 0.005662 -0.030811 0.057531 -0.021810 0.032063 0.027995 0.026160 -0.071663 -0.046065 0.031886 -0.006629 -0.021952 -0.027961 -0.016452 -0.023776 -0.038932 -0.023802 0.055731 -0.017052 -0.000745 0.012297 -0.012384 0.015450 -0.086835 0.005803 -0.023336 -0.013586 0.001585 -0.027526 0.010013 -0.028787 0.010552 -0.032686 0.039749 -0.046606 0.006281 0.017861 0.041230 0.017652 -0.012325 0.000513 0.027954 0.022672 0.002883
ptkant 0.027605 0.021568 -0.010317 -0.046380 -0.018794 -0.007707 0.049889 -0.044886 -0.003981 -0.018236 0.045622 0.031703 0.021384 -0.062897 -0.030783 0.001127 -0.029229 0.022819 0.004243 -0.026029 -0.022659 -0.018374 -0.015287 0.053047 -0.032127 -0.055641 -0.025133 -0.037784 0.028606 -0.099969 0.010280 0.000589 0.000963 0.029312 0.001008 -0.001999 -0.008569 -0.016376 -0.051077 0.046768 -0.058526 0.003835 0.014653 0.051334 -0.005197 -0.046072 -0.022303 0.042668 0.009504 0.031510
hs 0.000530 -0.003841 0.004406 0.003249 -0.010734 -0.005277 0.002333 0.001936 0.014985 -0.013073 0.007378 -0.000305 0.004745 -0.017648 -0.000815 0.009675 -0.001855 -0.008747 -0.010670 -0.013888 0.000761 0.000280 -0.008794 -0.001198 0.013807 0.001869 -0.007266 0.007636 0.004721 -0.014779 -0.003384 0.003449 -0.001184 0.002899 0.004266 -0.000253 -0.010401 0.007936 0.001009 0.004601 -0.006824 0.003580 0.004106 -0.003277 0.000184 -0.012082 0.004556 -0.010759 -0.004109 -0.001780
adjwh -0.037983 0.014734 0.079916 -0.099694 -0.058537 -0.047335 0.072151 0.050581 -0.055724 0.050193 -0.014559 0.018608 -0.066950 0.003379 0.038744 -0.011733 0.051903 0.087701 -0.096972 -0.113166 -0.046716 -0.071590 0.026999 0.008565 -0.028726 -0.136347 -0.026669 -0.146367 0.067371 0.049416 -0.028929 -0.111960 0.006033 -0.006134 0.056810 0.003402 0.077056 -0.004451 0.041135 -0.120520 -0.013816 -0.096115 0.036114 0.060152 0.013769 0.004571 0.065100 0.034138 -0.041993 0.098065
detwh -0.003804 -0.018675 0.014907 -0.010790 0.012399 -0.018127 0.013581 0.015610 -0.014551 0.000714 0.001595 -0.001040 -0.021470 0.006480 0.012819 -0.001924 0.032735 0.008479 -0.030534 -0.005242 -0.011869 -0.025564 -0.007886 0.005257 0.003065 -0.029062 -0.013594 -0.052221 0.018056 -0.002780 -0.012970 -0.029029 0.007509 -0.006061 0.007026 0.017521 0.025841 0.026128 0.021402 -0.040191 0.004495 -0.047762 0.017343 0.006533 0.024388 0.006497 0.030008 0.006221 0.004444 0.018203
itj 0.000503 0.002023 -0.000398 -0.019516 0.000499 -0.003865 0.009363 -0.001073 0.001465 0.006171 0.003610 0.005598 0.020316 -0.009635 -0.021634 -0.001011 -0.000374 0.012954 -0.004767 -0.016297 -0.010949 -0.020532 -0.004154 0.021762 -0.011412 -0.024776 -0.002512 -0.013772 0.004577 -0.034635 -0.000942 0.001957 0.007660 -0.001110 -0.001004 -0.005984 0.008523 -0.014581 -0.005479 0.014272 -0.022181 -0.003846 -0.004397 0.016624 -0.006624 -0.016676 -0.012750 0.028126 0.006038 0.004292
pposs 0.008949 0.016422 -0.008180 -0.031643 -0.001517 -0.007000 0.031646 -0.012649 0.000732 -0.033858 0.025812 0.028743 0.037683 -0.033297 -0.018851 -0.014470 -0.013593 0.018355 0.003423 -0.021379 -0.009328 -0.020159 0.011674 0.043134 -0.032185 -0.047627 -0.016885 -0.032086 0.014442 -0.065328 0.007401 -0.020595 0.023104 0.024503 0.003763 -0.006463 0.006125 -0.031033 -0.041202 0.030942 -0.064594 0.001344 0.005365 0.029456 0.001211 -0.024490 -0.031595 0.035382 0.003140 0.014216
depr 0.009182 0.001067 0.003055 -0.000185 0.002933 0.002105 -0.007097 -0.003306 -0.000791 -0.007444 -0.002739 -0.005437 0.006950 -0.003171 -0.005464 -0.001836 0.003661 -0.008688 -0.006385 0.003886 0.005045 0.002355 0.007584 -0.006624 0.004071 0.008345 -0.006985 -0.005125 0.000934 -0.003118 0.003813 -0.008849 -0.006785 0.004325 0.009412 0.008591 0.008021 -0.007445 -0.007081 -0.008555 0.000851 0.007650 0.000636 0.005634 -0.006231 0.007262 -0.006252 -0.008905 -0.001570 0.001102
adjc 0.001315 0.008176 -0.006986 0.006910 0.006404 -0.000013 -0.009248 -0.007050 0.008453 -0.009117 -0.002550 0.002381 -0.006061 0.009622 -0.006880 0.000794 0.002360 -0.005380 -0.000674 -0.000180 0.005337 0.002686 -0.000649 0.003339 -0.000932 0.000514 0.003171 -0.006376 0.005761 0.002057 0.009607 -0.005552 -0.000675 0.007913 0.002029 0.004519 -0.001727 0.003686 0.008921 -0.005996 0.006147 0.009391 -0.009709 -0.005696 -0.007652 0.005348 -0.008376 0.009968 -0.002208 0.008104
- -0.005039 0.001186 0.006213 -0.006946 0.000803 0.002206 -0.006259 0.002738 -0.008649 0.005591 -0.003481 -0.000344 -0.002354 -0.003460 0.009754 0.007580 -0.003954 -0.006787 0.000586 -0.007239 0.002996 -0.005341 -0.008069 -0.009560 0.007181 -0.007146 -0.001941 -0.008129 -0.007642 -0.002504 -0.006692 0.004379 -0.007483 0.004777 0.006828 -0.008346 -0.009198 -0.000129 0.002015 0.003680 -0.000435 0.000863 0.000992 0.004276 -0.006877 -0.009565 0.000161 0.009074 -0.009497 0.002256
