     Sent.          Attachment      Correct        Scoring          
    ID Tokens  -   Unlab. Lab.   HEAD HEAD+DEPREL   tokens   - - - -
  ============================================================================
     1   15    0   75.00  58.33     9       7          12    0 0 0 0
     2    7    0   33.33  16.67     2       1           6    0 0 0 0
     3    5    0  100.00  50.00     4       2           4    0 0 0 0
     4    8    0   71.43  28.57     5       2           7    0 0 0 0
     5    7    0   66.67  50.00     4       3           6    0 0 0 0
     6    9    0   66.67  33.33     4       2           6    0 0 0 0
     7    5    0   50.00  50.00     2       2           4    0 0 0 0
     8    4    0  100.00 100.00     3       3           3    0 0 0 0
     9    9    0  100.00  62.50     8       5           8    0 0 0 0
    10    5    0  100.00  75.00     4       3           4    0 0 0 0
    11    8    0  100.00  66.67     6       4           6    0 0 0 0
    12    7    0  100.00  83.33     6       5           6    0 0 0 0
    13    6    0  100.00  80.00     5       4           5    0 0 0 0
    14    5    0  100.00  50.00     4       2           4    0 0 0 0
    15    6    0  100.00  80.00     5       4           5    0 0 0 0
    16   12    0   80.00  70.00     8       7          10    0 0 0 0
    17    9    0   66.67  33.33     4       2           6    0 0 0 0
    18    9    0   75.00  62.50     6       5           8    0 0 0 0
    19    5    0  100.00  33.33     3       1           3    0 0 0 0
    20    5    0   75.00  25.00     3       1           4    0 0 0 0
    21   10    0   62.50  37.50     5       3           8    0 0 0 0
    22   14    0   84.62  46.15    11       6          13    0 0 0 0
    23   11    0   44.44  33.33     4       3           9    0 0 0 0
    24    9    0   71.43  28.57     5       2           7    0 0 0 0
    25    8    0   85.71  42.86     6       3           7    0 0 0 0
    26    9    0   71.43  42.86     5       3           7    0 0 0 0
    27    6    0   60.00  20.00     3       1           5    0 0 0 0
    28    9    0  100.00  42.86     7       3           7    0 0 0 0
    29    9    0   71.43  28.57     5       2           7    0 0 0 0
    30    8    0  100.00  50.00     6       3           6    0 0 0 0
    31   12    0   80.00  40.00     8       4          10    0 0 0 0
    32   10    0   62.50  62.50     5       5           8    0 0 0 0
    33   14    0   83.33  33.33    10       4          12    0 0 0 0
    34    8    0   83.33  50.00     5       3           6    0 0 0 0
    35   12    0   90.00  50.00     9       5          10    0 0 0 0
    36   16    0   92.86  42.86    13       6          14    0 0 0 0
    37   12    0   80.00  50.00     8       5          10    0 0 0 0
    38    9    0   71.43  28.57     5       2           7    0 0 0 0
    39   11    0   50.00  37.50     4       3           8    0 0 0 0
    40   21    0   61.11  33.33    11       6          18    0 0 0 0
    41   10    0  100.00  50.00     8       4           8    0 0 0 0
    42   15    0   92.31  76.92    12      10          13    0 0 0 0
    43    7    0   83.33  66.67     5       4           6    0 0 0 0
    44   10    0  100.00  88.89     9       8           9    0 0 0 0
    45    7    0  100.00  50.00     6       3           6    0 0 0 0
    46    6    0   80.00  20.00     4       1           5    0 0 0 0
    47   18    0   88.24  58.82    15      10          17    0 0 0 0
    48   10    0  100.00  66.67     9       6           9    0 0 0 0
    49    8    0   71.43  42.86     5       3           7    0 0 0 0
    50    6    0   60.00  40.00     3       2           5    0 0 0 0
    51    9    0   75.00  62.50     6       5           8    0 0 0 0
    52   11    0   37.50  12.50     3       1           8    0 0 0 0
    53   16    0   69.23  61.54     9       8          13    0 0 0 0
    54    6    0  100.00  60.00     5       3           5    0 0 0 0
    55    5    0  100.00  75.00     4       3           4    0 0 0 0
    56    9    0   85.71  57.14     6       4           7    0 0 0 0
    57    6    0   60.00  40.00     3       2           5    0 0 0 0
    58   11    0   90.00  60.00     9       6          10    0 0 0 0
    59    4    0   33.33  33.33     1       1           3    0 0 0 0
    60   10    0   55.56  22.22     5       2           9    0 0 0 0
    61    4    0  100.00  33.33     3       1           3    0 0 0 0
    62   14    0   91.67  41.67    11       5          12    0 0 0 0
    63    7    0   66.67  50.00     4       3           6    0 0 0 0
    64   10    0  100.00  77.78     9       7           9    0 0 0 0
    65    9    0   85.71  57.14     6       4           7    0 0 0 0
    66   11    0   70.00  50.00     7       5          10    0 0 0 0
    67   11    0   37.50  37.50     3       3           8    0 0 0 0
    68   12    0   50.00  50.00     4       4           8    0 0 0 0
    69   10    0   88.89  55.56     8       5           9    0 0 0 0
    70   11    0   88.89  55.56     8       5           9    0 0 0 0
    71   13    0   72.73  63.64     8       7          11    0 0 0 0
    72    9    0   71.43  42.86     5       3           7    0 0 0 0
    73   22    0   40.00  30.00     8       6          20    0 0 0 0
    74    5    0  100.00  50.00     4       2           4    0 0 0 0
    75    4    0  100.00 100.00     2       2           2    0 0 0 0
    76    7    0  100.00  40.00     5       2           5    0 0 0 0
    77    5    0  100.00  50.00     4       2           4    0 0 0 0
    78    8    0   83.33  33.33     5       2           6    0 0 0 0
    79    5    0  100.00 100.00     4       4           4    0 0 0 0
    80    6    0   60.00  20.00     3       1           5    0 0 0 0
    81    5    0  100.00  66.67     3       2           3    0 0 0 0
    82    7    0   83.33  33.33     5       2           6    0 0 0 0
    83    8    0   71.43  57.14     5       4           7    0 0 0 0
    84    5    0   75.00  50.00     3       2           4    0 0 0 0
    85    6    0   40.00  40.00     2       2           5    0 0 0 0
    86    9    0  100.00  57.14     7       4           7    0 0 0 0
    87    5    0  100.00  50.00     4       2           4    0 0 0 0
    88    8    0   71.43  57.14     5       4           7    0 0 0 0
    89    7    0   33.33  33.33     2       2           6    0 0 0 0
    90    7    0  100.00 100.00     6       6           6    0 0 0 0
    91    6    0   40.00  40.00     2       2           5    0 0 0 0
    92    6    0   60.00  60.00     3       3           5    0 0 0 0
    93    5    0   75.00  50.00     3       2           4    0 0 0 0
    94    9    0  100.00  71.43     7       5           7    0 0 0 0
    95    9    0   50.00  50.00     4       4           8    0 0 0 0
    96   10    0   75.00  25.00     6       2           8    0 0 0 0
    97    6    0   50.00   0.00     2       0           4    0 0 0 0
    98    7    0  100.00  60.00     5       3           5    0 0 0 0
    99    5    0  100.00  33.33     3       1           3    0 0 0 0
   100    8    0   50.00  33.33     3       2           6    0 0 0 0
   101    6    0  100.00  50.00     4       2           4    0 0 0 0
   102    7    0   83.33  50.00     5       3           6    0 0 0 0
   103    8    0  100.00  33.33     6       2           6    0 0 0 0
   104    9    0   66.67  33.33     4       2           6    0 0 0 0
   105    9    0   57.14  42.86     4       3           7    0 0 0 0
   106   11    0   77.78  55.56     7       5           9    0 0 0 0
   107    6    0  100.00  40.00     5       2           5    0 0 0 0
   108   10    0  100.00  62.50     8       5           8    0 0 0 0
   109    7    0   60.00  20.00     3       1           5    0 0 0 0
   110    7    0  100.00  40.00     5       2           5    0 0 0 0
   111    6    0  100.00  50.00     4       2           4    0 0 0 0
   112   12    0   70.00  20.00     7       2          10    0 0 0 0
   113    9    0   71.43  14.29     5       1           7    0 0 0 0
   114   12    0   87.50  50.00     7       4           8    0 0 0 0
   115    6    0  100.00  75.00     4       3           4    0 0 0 0
   116   12    0  100.00  40.00    10       4          10    0 0 0 0
   117    5    0  100.00  75.00     4       3           4    0 0 0 0
   118    9    0   71.43   0.00     5       0           7    0 0 0 0
   119    6    0   40.00  20.00     2       1           5    0 0 0 0
   120    5    0  100.00  66.67     3       2           3    0 0 0 0
   121    5    0   75.00  50.00     3       2           4    0 0 0 0
   122    5    0  100.00  50.00     4       2           4    0 0 0 0
   123    6    0   20.00   0.00     1       0           5    0 0 0 0
   124    9    0   42.86  14.29     3       1           7    0 0 0 0
   125    5    0   75.00  50.00     3       2           4    0 0 0 0
   126    5    0   50.00  25.00     2       1           4    0 0 0 0
   127    6    0  100.00  60.00     5       3           5    0 0 0 0
   128    5    0  100.00  75.00     4       3           4    0 0 0 0
   129    8    0   85.71  85.71     6       6           7    0 0 0 0
   130   16    0   60.00  46.67     9       7          15    0 0 0 0
   131    7    0   83.33  50.00     5       3           6    0 0 0 0
   132   25    0   69.57  65.22    16      15          23    0 0 0 0
   133   11    0  100.00  88.89     9       8           9    0 0 0 0
   134   12    0   50.00  20.00     5       2          10    0 0 0 0
   135   12    0   60.00  40.00     6       4          10    0 0 0 0
   136    6    0   60.00  40.00     3       2           5    0 0 0 0
   137   19    0   56.25  37.50     9       6          16    0 0 0 0
   138   13    0   81.82  45.45     9       5          11    0 0 0 0
   139    7    0   50.00  33.33     3       2           6    0 0 0 0
   140   13    0  100.00  63.64    11       7          11    0 0 0 0
   141    9    0   87.50  62.50     7       5           8    0 0 0 0
   142   16    0   73.33  53.33    11       8          15    0 0 0 0
   143    8    0  100.00  85.71     7       6           7    0 0 0 0
   144   15    0  100.00  85.71    14      12          14    0 0 0 0
   145    5    0   50.00  50.00     2       2           4    0 0 0 0
   146   42    0   71.05  68.42    27      26          38    0 0 0 0
   147   37    0   71.43  60.00    25      21          35    0 0 0 0
   148   12    0   72.73  63.64     8       7          11    0 0 0 0
   149   11    0  100.00  50.00    10       5          10    0 0 0 0
   150   14    0   54.55  54.55     6       6          11    0 0 0 0
   151   15    0   58.33  50.00     7       6          12    0 0 0 0
   152   22    0   80.00  65.00    16      13          20    0 0 0 0
   153   18    0   57.14  42.86     8       6          14    0 0 0 0
   154   22    0   85.00  65.00    17      13          20    0 0 0 0
   155    9    0   87.50  75.00     7       6           8    0 0 0 0
   156   18    0   73.33  53.33    11       8          15    0 0 0 0
   157   13    0   54.55  36.36     6       4          11    0 0 0 0
   158   27    0   62.50  45.83    15      11          24    0 0 0 0
   159   19    0   87.50  68.75    14      11          16    0 0 0 0
   160   24    0   69.57  56.52    16      13          23    0 0 0 0
   161   14    0   90.91  45.45    10       5          11    0 0 0 0
   162    6    0   20.00  20.00     1       1           5    0 0 0 0
   163    8    0  100.00  85.71     7       6           7    0 0 0 0
   164   12    0   72.73  72.73     8       8          11    0 0 0 0
   165    8    0   85.71  42.86     6       3           7    0 0 0 0
   166   22    0   61.90  42.86    13       9          21    0 0 0 0
   167   18    0   76.47  47.06    13       8          17    0 0 0 0
   168   25    0   70.00  55.00    14      11          20    0 0 0 0
   169   12    0  100.00  81.82    11       9          11    0 0 0 0
   170   36    0   46.88  43.75    15      14          32    0 0 0 0
   171   10    0   85.71  57.14     6       4           7    0 0 0 0
   172    7    0   83.33  33.33     5       2           6    0 0 0 0
   173    7    0  100.00  66.67     6       4           6    0 0 0 0
   174    8    0   50.00  50.00     3       3           6    0 0 0 0
   175    7    0  100.00  66.67     6       4           6    0 0 0 0
   176    7    0  100.00  83.33     6       5           6    0 0 0 0
   177    9    0   57.14  14.29     4       1           7    0 0 0 0
   178    8    0   85.71  42.86     6       3           7    0 0 0 0
   179    9    0   85.71  71.43     6       5           7    0 0 0 0
   180    8    0   85.71  42.86     6       3           7    0 0 0 0
   181    8    0  100.00  85.71     7       6           7    0 0 0 0
   182   10    0   42.86  28.57     3       2           7    0 0 0 0
   183    9    0  100.00  50.00     8       4           8    0 0 0 0
   184   10    0   62.50  37.50     5       3           8    0 0 0 0
   185    3    0  100.00  50.00     2       1           2    0 0 0 0
   186   11    0   62.50  62.50     5       5           8    0 0 0 0
   187   10    0   87.50  62.50     7       5           8    0 0 0 0
   188   11    0   33.33  33.33     3       3           9    0 0 0 0
   189   10    0   77.78  66.67     7       6           9    0 0 0 0
   190   10    0   77.78  66.67     7       6           9    0 0 0 0
   191   10    0   77.78  77.78     7       7           9    0 0 0 0
   192    6    0  100.00  60.00     5       3           5    0 0 0 0
   193   12    0   90.00  60.00     9       6          10    0 0 0 0
   194   12    0   80.00  80.00     8       8          10    0 0 0 0
   195   13    0   90.91  54.55    10       6          11    0 0 0 0
   196    8    0   85.71  57.14     6       4           7    0 0 0 0
   197   12    0   72.73  54.55     8       6          11    0 0 0 0
   198   14    0   75.00  58.33     9       7          12    0 0 0 0
   199   17    0   64.29  50.00     9       7          14    0 0 0 0
   200   13    0   83.33  66.67    10       8          12    0 0 0 0
   201   14    0   91.67  83.33    11      10          12    0 0 0 0
   202    6    0  100.00  80.00     5       4           5    0 0 0 0
   203   15    0   84.62  61.54    11       8          13    0 0 0 0
   204    2    0  100.00 100.00     1       1           1    0 0 0 0
   205   19    0   62.50  43.75    10       7          16    0 0 0 0
   206   17    0   64.29  35.71     9       5          14    0 0 0 0
   207   15    0   78.57  71.43    11      10          14    0 0 0 0
   208   17    0   86.67  60.00    13       9          15    0 0 0 0
   209    8    0  100.00  71.43     7       5           7    0 0 0 0
   210    9    0   87.50  75.00     7       6           8    0 0 0 0
   211    7    0   83.33  83.33     5       5           6    0 0 0 0
   212   12    0   81.82  63.64     9       7          11    0 0 0 0
   213   10    0   87.50  75.00     7       6           8    0 0 0 0
   214   24    0   73.91  60.87    17      14          23    0 0 0 0
   215    9    0   71.43  57.14     5       4           7    0 0 0 0
   216   19    0   82.35  76.47    14      13          17    0 0 0 0
   217   20    0   63.16  63.16    12      12          19    0 0 0 0
   218    9    0   71.43  42.86     5       3           7    0 0 0 0
   219   11    0   88.89  33.33     8       3           9    0 0 0 0
   220    7    0   66.67  33.33     4       2           6    0 0 0 0
   221    8    0   66.67  50.00     4       3           6    0 0 0 0
   222   22    0   80.00  65.00    16      13          20    0 0 0 0
   223    6    0  100.00  80.00     5       4           5    0 0 0 0
   224    9    0   62.50  62.50     5       5           8    0 0 0 0
   225   25    0   66.67  58.33    16      14          24    0 0 0 0
   226   22    0   72.22  44.44    13       8          18    0 0 0 0
   227   19    0   62.50  62.50    10      10          16    0 0 0 0
   228   14    0   66.67  58.33     8       7          12    0 0 0 0
   229   18    0   64.71  47.06    11       8          17    0 0 0 0
   230   18    0   66.67  46.67    10       7          15    0 0 0 0
   231   30    0   60.00  52.00    15      13          25    0 0 0 0
   232   15    0   78.57  57.14    11       8          14    0 0 0 0
   233   26    0   58.33  45.83    14      11          24    0 0 0 0
   234   10    0  100.00  88.89     9       8           9    0 0 0 0
   235   10    0   77.78  66.67     7       6           9    0 0 0 0
   236   19    0   72.22  72.22    13      13          18    0 0 0 0
   237    9    0  100.00  50.00     8       4           8    0 0 0 0
   238   13    0   91.67  66.67    11       8          12    0 0 0 0
   239   24    0   61.90  57.14    13      12          21    0 0 0 0
   240   13    0   83.33  58.33    10       7          12    0 0 0 0
   241   13    0   81.82  54.55     9       6          11    0 0 0 0
   242    9    0   62.50  25.00     5       2           8    0 0 0 0
   243    6    0  100.00  80.00     5       4           5    0 0 0 0
   244   18    0   46.15  38.46     6       5          13    0 0 0 0
   245   21    0   82.35  64.71    14      11          17    0 0 0 0
   246    8    0  100.00  85.71     7       6           7    0 0 0 0
   247   18    0   87.50  75.00    14      12          16    0 0 0 0
   248    9    0   75.00  50.00     6       4           8    0 0 0 0
   249   22    0   80.00  65.00    16      13          20    0 0 0 0
   250   11    0   80.00  50.00     8       5          10    0 0 0 0
   251   23    0   77.27  68.18    17      15          22    0 0 0 0
   252    8    0  100.00 100.00     7       7           7    0 0 0 0
   253   16    0   64.29  35.71     9       5          14    0 0 0 0
   254    9    0   62.50  37.50     5       3           8    0 0 0 0
   255    8    0  100.00  85.71     7       6           7    0 0 0 0
   256   16    0   80.00  60.00    12       9          15    0 0 0 0
   257   12    0   81.82  63.64     9       7          11    0 0 0 0
   258   17    0   68.75  62.50    11      10          16    0 0 0 0
   259    8    0   71.43  42.86     5       3           7    0 0 0 0
   260   24    0   68.42  47.37    13       9          19    0 0 0 0
   261   24    0   63.64  59.09    14      13          22    0 0 0 0
   262   11    0   75.00  37.50     6       3           8    0 0 0 0
   263   13    0   63.64  63.64     7       7          11    0 0 0 0
   264   15    0   69.23  46.15     9       6          13    0 0 0 0
   265   10    0   87.50  62.50     7       5           8    0 0 0 0
   266   27    0   66.67  33.33    16       8          24    0 0 0 0
   267   16    0   60.00  60.00     9       9          15    0 0 0 0
   268    4    0  100.00 100.00     3       3           3    0 0 0 0
   269   12    0   90.00  60.00     9       6          10    0 0 0 0
   270   21    0   72.22  61.11    13      11          18    0 0 0 0
   271   29    0   68.00  28.00    17       7          25    0 0 0 0
   272    5    0   50.00  50.00     2       2           4    0 0 0 0
   273   14    0   69.23  61.54     9       8          13    0 0 0 0
   274   13    0   72.73  36.36     8       4          11    0 0 0 0
   275   14    0   83.33  41.67    10       5          12    0 0 0 0
   276    7    0   66.67  50.00     4       3           6    0 0 0 0
   277   11    0   25.00  25.00     2       2           8    0 0 0 0
   278   19    0   94.12  52.94    16       9          17    0 0 0 0
   279    2    0  100.00 100.00     1       1           1    0 0 0 0
   280    4    0  100.00  50.00     2       1           2    0 0 0 0
   281    4    0    0.00   0.00     0       0           2    0 0 0 0
   282   19    0   93.33  40.00    14       6          15    0 0 0 0
   283    5    0   75.00  50.00     3       2           4    0 0 0 0
   284    6    0  100.00  80.00     5       4           5    0 0 0 0
   285    7    0  100.00  25.00     4       1           4    0 0 0 0
   286   11    0   55.56  33.33     5       3           9    0 0 0 0
   287    4    0  100.00  50.00     2       1           2    0 0 0 0
   288   10    0   66.67  22.22     6       2           9    0 0 0 0
   289    4    0  100.00 100.00     2       2           2    0 0 0 0
   290   11    0  100.00  40.00    10       4          10    0 0 0 0
   291   11    0   90.00  50.00     9       5          10    0 0 0 0
   292    6    0  100.00  33.33     3       1           3    0 0 0 0
   293    9    0   71.43  57.14     5       4           7    0 0 0 0
   294   16    0   57.14  28.57     8       4          14    0 0 0 0
   295   39    0   45.45  21.21    15       7          33    0 0 0 0
   296   19    0   75.00  43.75    12       7          16    0 0 0 0
   297   11    0   90.00  60.00     9       6          10    0 0 0 0
   298    6    0  100.00  60.00     5       3           5    0 0 0 0
   299    6    0   60.00  20.00     3       1           5    0 0 0 0
   300    5    0  100.00  75.00     4       3           4    0 0 0 0
   301   10    0   62.50  50.00     5       4           8    0 0 0 0
   302    7    0   60.00  40.00     3       2           5    0 0 0 0
   303    5    0  100.00  33.33     3       1           3    0 0 0 0
   304    3    0  100.00 100.00     3       3           3    0 0 0 0
   305    2    0    0.00   0.00     0       0           2    0 0 0 0
   306    4    0  100.00 100.00     4       4           4    0 0 0 0
   307    8    0   42.86  42.86     3       3           7    0 0 0 0
   308   12    0   63.64  45.45     7       5          11    0 0 0 0
   309   12    0   72.73  63.64     8       7          11    0 0 0 0
   310   13    0   91.67  75.00    11       9          12    0 0 0 0
   311    9    0  100.00  75.00     8       6           8    0 0 0 0
   312   10    0   88.89  55.56     8       5           9    0 0 0 0
   313   23    0   63.16  47.37    12       9          19    0 0 0 0
   314    7    0   50.00  50.00     3       3           6    0 0 0 0
   315   15    0   66.67  33.33     8       4          12    0 0 0 0
   316    9    0   62.50  25.00     5       2           8    0 0 0 0
   317   14    0   63.64  63.64     7       7          11    0 0 0 0
   318   10    0   88.89  77.78     8       7           9    0 0 0 0
   319    7    0  100.00  83.33     6       5           6    0 0 0 0
   320    7    0   83.33  66.67     5       4           6    0 0 0 0
   321   18    0   64.71  52.94    11       9          17    0 0 0 0
   322   26    0   73.91  65.22    17      15          23    0 0 0 0
   323   14    0   53.85  53.85     7       7          13    0 0 0 0
   324   10    0   42.86  42.86     3       3           7    0 0 0 0
   325   22    0   71.43  57.14    15      12          21    0 0 0 0
   326   16    0   80.00  66.67    12      10          15    0 0 0 0
   327    7    0  100.00 100.00     6       6           6    0 0 0 0
   328   51    0   65.22  54.35    30      25          46    0 0 0 0
   329   12    0   72.73  45.45     8       5          11    0 0 0 0
   330   33    0   78.57  57.14    22      16          28    0 0 0 0
   331   20    0   73.68  63.16    14      12          19    0 0 0 0
   332    9    0   62.50  50.00     5       4           8    0 0 0 0
   333   20    0   66.67  55.56    12      10          18    0 0 0 0
   334    5    0   50.00  50.00     2       2           4    0 0 0 0
   335   12    0   44.44  33.33     4       3           9    0 0 0 0
   336   15    0   40.00  40.00     4       4          10    0 0 0 0
   337    3    0  100.00  50.00     2       1           2    0 0 0 0
   338   11    0   55.56  44.44     5       4           9    0 0 0 0
   339   24    0   72.73  45.45    16      10          22    0 0 0 0
   340    9    0   85.71  28.57     6       2           7    0 0 0 0
   341    4    0  100.00  33.33     3       1           3    0 0 0 0
   342    5    0  100.00 100.00     4       4           4    0 0 0 0
   343   11    0   88.89  66.67     8       6           9    0 0 0 0
   344    3    0  100.00  50.00     2       1           2    0 0 0 0
   345    8    0   57.14  42.86     4       3           7    0 0 0 0
   346   11    0   44.44  22.22     4       2           9    0 0 0 0
   347   12    0   40.00   0.00     4       0          10    0 0 0 0
   348    5    0   75.00  75.00     3       3           4    0 0 0 0
   349    8    0  100.00  14.29     7       1           7    0 0 0 0
   350   21    0   78.95  73.68    15      14          19    0 0 0 0
   351   10    0   77.78  77.78     7       7           9    0 0 0 0
   352    8    0   85.71  85.71     6       6           7    0 0 0 0
   353   14    0   84.62  61.54    11       8          13    0 0 0 0
   354   25    0   47.83  39.13    11       9          23    0 0 0 0
   355   15    0   69.23  46.15     9       6          13    0 0 0 0
   356   12    0   36.36  27.27     4       3          11    0 0 0 0
   357   22    0   42.11  36.84     8       7          19    0 0 0 0
   358   12    0   90.91  63.64    10       7          11    0 0 0 0
   359   13    0   83.33  66.67    10       8          12    0 0 0 0
   360    8    0   71.43  42.86     5       3           7    0 0 0 0
   361    5    0  100.00  75.00     4       3           4    0 0 0 0
   362   11    0   80.00  80.00     8       8          10    0 0 0 0
   363    3    0  100.00 100.00     2       2           2    0 0 0 0
   364   14    0   90.91  72.73    10       8          11    0 0 0 0
   365   32    0   44.00  32.00    11       8          25    0 0 0 0
   366   36    0   63.33  63.33    19      19          30    0 0 0 0
   367   21    0   72.22  66.67    13      12          18    0 0 0 0
   368   13    0  100.00  83.33    12      10          12    0 0 0 0
   369   13    0   91.67  50.00    11       6          12    0 0 0 0
   370   10    0  100.00  66.67     9       6           9    0 0 0 0
   371   25    0   71.43  57.14    15      12          21    0 0 0 0
   372   18    0   66.67  33.33    10       5          15    0 0 0 0
   373   32    0   74.07  37.04    20      10          27    0 0 0 0
   374   11    0   70.00  50.00     7       5          10    0 0 0 0
   375   12    0   75.00  50.00     6       4           8    0 0 0 0
   376   33    0   32.00  20.00     8       5          25    0 0 0 0
   377   10    0   77.78  55.56     7       5           9    0 0 0 0
   378   18    0   68.75  50.00    11       8          16    0 0 0 0
   379   10    0   77.78  44.44     7       4           9    0 0 0 0
   380   11    0   77.78  55.56     7       5           9    0 0 0 0
   381    7    0   80.00  20.00     4       1           5    0 0 0 0
   382   16    0   69.23  53.85     9       7          13    0 0 0 0
   383   35    0   68.75  59.38    22      19          32    0 0 0 0
   384    6    0  100.00  80.00     5       4           5    0 0 0 0
   385   15    0   69.23  46.15     9       6          13    0 0 0 0
   386    8    0  100.00  57.14     7       4           7    0 0 0 0
   387   17    0   80.00  66.67    12      10          15    0 0 0 0
   388    9    0   50.00  37.50     4       3           8    0 0 0 0
   389   13    0   75.00  50.00     9       6          12    0 0 0 0
   390   25    0   78.26  65.22    18      15          23    0 0 0 0
   391    8    0   71.43  71.43     5       5           7    0 0 0 0
   392   19    0   47.06  35.29     8       6          17    0 0 0 0
   393    3    0  100.00 100.00     2       2           2    0 0 0 0
   394   19    0   80.00  66.67    12      10          15    0 0 0 0
   395   19    0   88.89  72.22    16      13          18    0 0 0 0
   396    5    0   80.00  60.00     4       3           5    0 0 0 0
   397   23    0   50.00  35.00    10       7          20    0 0 0 0
   398    7    0  100.00  66.67     6       4           6    0 0 0 0
   399    7    0   71.43  57.14     5       4           7    0 0 0 0
   400   13    0   72.73  36.36     8       4          11    0 0 0 0
   401   28    0   81.48  66.67    22      18          27    0 0 0 0
   402   19    0   52.94  47.06     9       8          17    0 0 0 0
   403    8    0   83.33  50.00     5       3           6    0 0 0 0
   404    5    0   80.00  80.00     4       4           5    0 0 0 0
   405   16    0   64.29  28.57     9       4          14    0 0 0 0
   406   17    0   73.33  73.33    11      11          15    0 0 0 0
   407   15    0   76.92  53.85    10       7          13    0 0 0 0
   408    7    0   66.67  66.67     4       4           6    0 0 0 0
   409   10    0   88.89  88.89     8       8           9    0 0 0 0
   410    9    0   88.89  44.44     8       4           9    0 0 0 0
   411    3    0  100.00 100.00     1       1           1    0 0 0 0
   412   21    0   52.94  47.06     9       8          17    0 0 0 0
   413   11    0   16.67  16.67     1       1           6    0 0 0 0
   414   33    0   76.67  53.33    23      16          30    0 0 0 0
   415    7    0   71.43  28.57     5       2           7    0 0 0 0
   416    9    0   75.00  50.00     6       4           8    0 0 0 0
   417    1    0  100.00 100.00     1       1           1    0 0 0 0
   418   37    0   57.58  42.42    19      14          33    0 0 0 0
   419    7    0   57.14  42.86     4       3           7    0 0 0 0
   420   18    0   70.59  64.71    12      11          17    0 0 0 0
   421   12    0   90.00  80.00     9       8          10    0 0 0 0
   422   15    0   53.85  46.15     7       6          13    0 0 0 0
   423    4    0   75.00  50.00     3       2           4    0 0 0 0
   424    1    0  100.00 100.00     1       1           1    0 0 0 0
   425    9    0   57.14  42.86     4       3           7    0 0 0 0
   426   10    0   77.78  55.56     7       5           9    0 0 0 0
   427    8    0   57.14  42.86     4       3           7    0 0 0 0
   428   23    0   55.00  40.00    11       8          20    0 0 0 0
   429   17    0   46.67  40.00     7       6          15    0 0 0 0
   430   15    0   69.23  46.15     9       6          13    0 0 0 0
   431   27    0   54.55  40.91    12       9          22    0 0 0 0
   432    9    0   62.50  62.50     5       5           8    0 0 0 0
   433   27    0   64.00  52.00    16      13          25    0 0 0 0
   434   27    0   91.30  69.57    21      16          23    0 0 0 0
   435    4    0   33.33  33.33     1       1           3    0 0 0 0
   436   15    0   76.92  53.85    10       7          13    0 0 0 0
   437   12    0   55.56  44.44     5       4           9    0 0 0 0
   438   17    0   75.00  62.50    12      10          16    0 0 0 0
   439   11    0   66.67  55.56     6       5           9    0 0 0 0
   440    4    0  100.00 100.00     4       4           4    0 0 0 0
   441   12    0   72.73  45.45     8       5          11    0 0 0 0
   442    8    0  100.00  75.00     8       6           8    0 0 0 0
   443   15    0   54.55  54.55     6       6          11    0 0 0 0
   444   13    0   72.73  72.73     8       8          11    0 0 0 0
   445   21    0   78.95  63.16    15      12          19    0 0 0 0
   446   14    0   69.23  53.85     9       7          13    0 0 0 0
   447    8    0  100.00  62.50     8       5           8    0 0 0 0
   448    5    0   60.00  60.00     3       3           5    0 0 0 0
   449   25    0   66.67  61.90    14      13          21    0 0 0 0
   450    7    0   85.71  71.43     6       5           7    0 0 0 0
   451   19    0   77.78  61.11    14      11          18    0 0 0 0
   452   42    0   65.00  65.00    26      26          40    0 0 0 0
   453   16    0   86.67  73.33    13      11          15    0 0 0 0
   454    2    0  100.00  50.00     2       1           2    0 0 0 0
   455   19    0   93.33  73.33    14      11          15    0 0 0 0
   456   35    0   59.38  50.00    19      16          32    0 0 0 0
   457   14    0   72.73  45.45     8       5          11    0 0 0 0
   458   10    0   87.50  62.50     7       5           8    0 0 0 0
   459   32    0   75.00  53.57    21      15          28    0 0 0 0
   460   29    0   59.26  51.85    16      14          27    0 0 0 0
   461    8    0   57.14  28.57     4       2           7    0 0 0 0
   462    5    0  100.00  50.00     4       2           4    0 0 0 0
   463   17    0   56.25  43.75     9       7          16    0 0 0 0
   464   25    0   78.26  52.17    18      12          23    0 0 0 0
   465    7    0   71.43  57.14     5       4           7    0 0 0 0
   466   21    0   84.21  68.42    16      13          19    0 0 0 0
   467   33    0   44.83  34.48    13      10          29    0 0 0 0
   468   15    0   71.43  50.00    10       7          14    0 0 0 0
   469   12    0   72.73  45.45     8       5          11    0 0 0 0
   470    7    0   20.00   0.00     1       0           5    0 0 0 0
   471   11    0   16.67  16.67     1       1           6    0 0 0 0
   472    6    0   83.33  50.00     5       3           6    0 0 0 0
   473   14    0   84.62  69.23    11       9          13    0 0 0 0
   474   13    0   66.67  58.33     8       7          12    0 0 0 0
   475   18    0   87.50  62.50    14      10          16    0 0 0 0
   476   13    0   81.82  45.45     9       5          11    0 0 0 0
   477    8    0  100.00  66.67     6       4           6    0 0 0 0
   478   13    0   91.67  83.33    11      10          12    0 0 0 0
   479    5    0   60.00  60.00     3       3           5    0 0 0 0
   480   24    0   72.73  40.91    16       9          22    0 0 0 0
   481    5    0  100.00  80.00     5       4           5    0 0 0 0
   482   13    0   50.00  41.67     6       5          12    0 0 0 0
   483   18    0   43.75  31.25     7       5          16    0 0 0 0
   484   11    0   90.00  70.00     9       7          10    0 0 0 0
   485   29    0   68.00  52.00    17      13          25    0 0 0 0
   486    7    0   66.67  50.00     4       3           6    0 0 0 0
   487    5    0   50.00  50.00     2       2           4    0 0 0 0
   488   19    0   82.35  64.71    14      11          17    0 0 0 0
   489   25    0   78.26  60.87    18      14          23    0 0 0 0
   490   13    0   58.33  50.00     7       6          12    0 0 0 0
   491   28    0   61.54  46.15    16      12          26    0 0 0 0
   492   20    0   70.59  52.94    12       9          17    0 0 0 0
   493   14    0   76.92  61.54    10       8          13    0 0 0 0
   494    8    0   87.50  62.50     7       5           8    0 0 0 0
   495   10    0   55.56  55.56     5       5           9    0 0 0 0
   496   18    0   87.50  62.50    14      10          16    0 0 0 0
   497   17    0   86.67  73.33    13      11          15    0 0 0 0
   498    5    0   60.00  60.00     3       3           5    0 0 0 0
   499   11    0   70.00  50.00     7       5          10    0 0 0 0
   500   16    0   60.00  46.67     9       7          15    0 0 0 0
   501   11    0   66.67  33.33     6       3           9    0 0 0 0
   502   15    0   75.00  50.00     9       6          12    0 0 0 0
   503   11    0   16.67  16.67     1       1           6    0 0 0 0
   504   10    0   66.67  55.56     6       5           9    0 0 0 0
   505   27    0   76.19  66.67    16      14          21    0 0 0 0
   506   11    0   72.73  54.55     8       6          11    0 0 0 0
   507    3    0  100.00 100.00     3       3           3    0 0 0 0
   508   16    0   86.67  60.00    13       9          15    0 0 0 0
   509   24    0   52.38  23.81    11       5          21    0 0 0 0
   510    3    0  100.00  66.67     3       2           3    0 0 0 0
   511   13    0   54.55  36.36     6       4          11    0 0 0 0
   512    7    0  100.00  60.00     5       3           5    0 0 0 0
   513   22    0   72.22  38.89    13       7          18    0 0 0 0
   514   25    0   56.52  43.48    13      10          23    0 0 0 0
   515   27    0   48.00  32.00    12       8          25    0 0 0 0
   516    5    0   80.00  80.00     4       4           5    0 0 0 0
   517    9    0   62.50  12.50     5       1           8    0 0 0 0
   518    8    0   50.00  33.33     3       2           6    0 0 0 0
   519   24    0   86.36  68.18    19      15          22    0 0 0 0
   520   14    0   46.15  38.46     6       5          13    0 0 0 0
   521    4    0  100.00 100.00     4       4           4    0 0 0 0
   522   19    0   58.82  41.18    10       7          17    0 0 0 0
   523   11    0   77.78  55.56     7       5           9    0 0 0 0
   524    5    0  100.00  80.00     5       4           5    0 0 0 0
   525    7    0   71.43  71.43     5       5           7    0 0 0 0
   526   16    0   85.71  71.43    12      10          14    0 0 0 0
   527    8    0   50.00  37.50     4       3           8    0 0 0 0
   528    6    0  100.00  66.67     6       4           6    0 0 0 0
   529    5    0   80.00  60.00     4       3           5    0 0 0 0
   530   30    0   64.29  57.14    18      16          28    0 0 0 0
   531   13    0   91.67  58.33    11       7          12    0 0 0 0
   532    6    0   83.33  66.67     5       4           6    0 0 0 0
   533    8    0   57.14  28.57     4       2           7    0 0 0 0
   534    7    0  100.00 100.00     6       6           6    0 0 0 0
   535   16    0   92.86  71.43    13      10          14    0 0 0 0
   536   18    0   75.00  62.50    12      10          16    0 0 0 0
   537   17    0   93.33  60.00    14       9          15    0 0 0 0
   538    9    0   87.50  62.50     7       5           8    0 0 0 0
   539   13    0   91.67  50.00    11       6          12    0 0 0 0
   540   11    0   16.67  16.67     1       1           6    0 0 0 0
   541    6    0   50.00  33.33     3       2           6    0 0 0 0
   542   23    0   68.42  63.16    13      12          19    0 0 0 0
   543   11    0   80.00  80.00     8       8          10    0 0 0 0
   544    6    0   83.33  66.67     5       4           6    0 0 0 0
   545   28    0   61.54  57.69    16      15          26    0 0 0 0
   546    6    0   83.33  66.67     5       4           6    0 0 0 0
   547   12    0   90.91  72.73    10       8          11    0 0 0 0
   548   20    0   73.68  68.42    14      13          19    0 0 0 0
   549    8    0   57.14  57.14     4       4           7    0 0 0 0
   550    8    0   75.00  75.00     6       6           8    0 0 0 0
   551   29    0   72.00  64.00    18      16          25    0 0 0 0
   552   15    0   81.82  54.55     9       6          11    0 0 0 0
   553    6    0  100.00  50.00     4       2           4    0 0 0 0
   554    7    0   83.33  33.33     5       2           6    0 0 0 0
   555    9    0  100.00  57.14     7       4           7    0 0 0 0
   556   15    0   84.62  84.62    11      11          13    0 0 0 0
   557   17    0   60.00  26.67     9       4          15    0 0 0 0
   558   24    0   42.86  28.57     9       6          21    0 0 0 0
   559    1    0  100.00 100.00     1       1           1    0 0 0 0
   560   13    0   58.33  50.00     7       6          12    0 0 0 0
   561   12    0   81.82  54.55     9       6          11    0 0 0 0
   562    5    0   80.00  80.00     4       4           5    0 0 0 0
   563    9    0   87.50  37.50     7       3           8    0 0 0 0
   564   11    0  100.00  60.00    10       6          10    0 0 0 0
   565    4    0  100.00  50.00     2       1           2    0 0 0 0
   566   11    0   16.67  16.67     1       1           6    0 0 0 0
   567    6    0   83.33  50.00     5       3           6    0 0 0 0
   568   28    0   61.54  61.54    16      16          26    0 0 0 0
   569    8    0  100.00  62.50     8       5           8    0 0 0 0
   570   21    0   84.21  68.42    16      13          19    0 0 0 0
   571   16    0   46.67  33.33     7       5          15    0 0 0 0
   572    9    0   77.78  66.67     7       6           9    0 0 0 0
   573    6    0  100.00  60.00     5       3           5    0 0 0 0
   574   14    0   33.33  33.33     4       4          12    0 0 0 0
   575    2    0  100.00  50.00     2       1           2    0 0 0 0
   576   19    0   52.94  41.18     9       7          17    0 0 0 0
   577   19    0   70.59  70.59    12      12          17    0 0 0 0
   578   18    0   58.82  52.94    10       9          17    0 0 0 0
   579   16    0   60.00  33.33     9       5          15    0 0 0 0
   580   16    0   80.00  66.67    12      10          15    0 0 0 0
   581    5    0   80.00  60.00     4       3           5    0 0 0 0
   582   16    0   71.43  57.14    10       8          14    0 0 0 0
   583   12    0   90.91  63.64    10       7          11    0 0 0 0
   584    6    0  100.00 100.00     5       5           5    0 0 0 0
   585   19    0   68.75  50.00    11       8          16    0 0 0 0
   586    6    0   75.00  50.00     3       2           4    0 0 0 0
   587   12    0   16.67  16.67     1       1           6    0 0 0 0
   588   15    0   38.46  38.46     5       5          13    0 0 0 0
   589   10    0   62.50  25.00     5       2           8    0 0 0 0
   590   22    0   55.00  50.00    11      10          20    0 0 0 0
   591    9    0   42.86  42.86     3       3           7    0 0 0 0
   592    9    0   62.50  37.50     5       3           8    0 0 0 0
   593    9    0   77.78  55.56     7       5           9    0 0 0 0
   594    9    0   62.50  62.50     5       5           8    0 0 0 0
   595   10    0   77.78  77.78     7       7           9    0 0 0 0
   596   11    0   80.00  60.00     8       6          10    0 0 0 0
   597   22    0   63.16  57.89    12      11          19    0 0 0 0
   598   18    0   75.00  50.00    12       8          16    0 0 0 0
   599   12    0   70.00  50.00     7       5          10    0 0 0 0
   600    3    0  100.00 100.00     2       2           2    0 0 0 0
   601    4    0   33.33   0.00     1       0           3    0 0 0 0
   602   10    0   77.78  55.56     7       5           9    0 0 0 0
   603    9    0   85.71  42.86     6       3           7    0 0 0 0
   604    6    0  100.00  75.00     4       3           4    0 0 0 0
   605    8    0  100.00  42.86     7       3           7    0 0 0 0
   606   20    0   72.22  55.56    13      10          18    0 0 0 0
   607   10    0  100.00  66.67     9       6           9    0 0 0 0
   608   18    0   76.47  76.47    13      13          17    0 0 0 0
   609   25    0   72.73  63.64    16      14          22    0 0 0 0
   610   27    0   73.91  60.87    17      14          23    0 0 0 0
   611   13    0   66.67  58.33     8       7          12    0 0 0 0
   612   14    0   58.33  41.67     7       5          12    0 0 0 0
   613   21    0   65.00  50.00    13      10          20    0 0 0 0
   614    6    0   83.33  83.33     5       5           6    0 0 0 0
   615   14    0   69.23  30.77     9       4          13    0 0 0 0
   616   25    0   56.52  47.83    13      11          23    0 0 0 0
   617   22    0   45.00  40.00     9       8          20    0 0 0 0
   618    6    0  100.00 100.00     5       5           5    0 0 0 0
   619   12    0   80.00  80.00     8       8          10    0 0 0 0
   620    9    0   77.78  55.56     7       5           9    0 0 0 0
   621   18    0   93.33  73.33    14      11          15    0 0 0 0
   622   20    0   88.89  66.67    16      12          18    0 0 0 0
   623    5    0  100.00  60.00     5       3           5    0 0 0 0
   624    9    0   77.78  44.44     7       4           9    0 0 0 0
   625   11    0   80.00  70.00     8       7          10    0 0 0 0
   626    7    0   83.33  66.67     5       4           6    0 0 0 0
   627   20    0   72.22  66.67    13      12          18    0 0 0 0
   628    8    0   57.14  57.14     4       4           7    0 0 0 0
   629   15    0   85.71  71.43    12      10          14    0 0 0 0
   630   24    0   56.52  47.83    13      11          23    0 0 0 0
   631   28    0   70.37  55.56    19      15          27    0 0 0 0
   632   10    0   77.78  66.67     7       6           9    0 0 0 0
   633   11    0   70.00  40.00     7       4          10    0 0 0 0
   634   14    0   69.23  61.54     9       8          13    0 0 0 0
   635   20    0   52.63  42.11    10       8          19    0 0 0 0
   636    8    0   85.71  85.71     6       6           7    0 0 0 0
   637   11    0   88.89  66.67     8       6           9    0 0 0 0
   638   12    0  100.00  60.00    10       6          10    0 0 0 0
   639    9    0   50.00  50.00     4       4           8    0 0 0 0
   640   11    0   60.00  50.00     6       5          10    0 0 0 0
   641   10    0   50.00  25.00     4       2           8    0 0 0 0
   642   10    0   87.50  62.50     7       5           8    0 0 0 0
   643   24    0   57.14  47.62    12      10          21    0 0 0 0
   644   36    0   54.55  48.48    18      16          33    0 0 0 0
   645   33    0   67.74  51.61    21      16          31    0 0 0 0
   646   20    0   78.95  42.11    15       8          19    0 0 0 0
   647   23    0   90.48  71.43    19      15          21    0 0 0 0
   648   15    0   35.71  28.57     5       4          14    0 0 0 0
   649   22    0   65.00  40.00    13       8          20    0 0 0 0
   650   25    0   73.91  39.13    17       9          23    0 0 0 0
   651    5    0   50.00  50.00     2       2           4    0 0 0 0
   652   17    0   73.33  60.00    11       9          15    0 0 0 0
   653   17    0   68.75  62.50    11      10          16    0 0 0 0
   654   18    0   68.75  43.75    11       7          16    0 0 0 0
   655   19    0   87.50  50.00    14       8          16    0 0 0 0
   656   12    0   50.00  50.00     5       5          10    0 0 0 0
   657    6    0  100.00  83.33     6       5           6    0 0 0 0
   658   10    0  100.00  77.78     9       7           9    0 0 0 0
   659   31    0   68.97  62.07    20      18          29    0 0 0 0
   660   13    0   33.33  25.00     4       3          12    0 0 0 0
   661   18    0   88.24  70.59    15      12          17    0 0 0 0
   662   14    0   76.92  53.85    10       7          13    0 0 0 0
   663    9    0   85.71  42.86     6       3           7    0 0 0 0
   664   14    0   50.00  33.33     6       4          12    0 0 0 0
   665    6    0   83.33  83.33     5       5           6    0 0 0 0
   666    9    0   87.50  62.50     7       5           8    0 0 0 0
   667   21    0   77.78  61.11    14      11          18    0 0 0 0
   668   17    0   87.50  75.00    14      12          16    0 0 0 0
   669   37    0   44.83  44.83    13      13          29    0 0 0 0
   670   29    0   65.38  53.85    17      14          26    0 0 0 0
   671   12    0   81.82  63.64     9       7          11    0 0 0 0
   672   12    0   20.00   0.00     2       0          10    0 0 0 0
   673   14    0   81.82  63.64     9       7          11    0 0 0 0
   674   12    0   81.82  72.73     9       8          11    0 0 0 0
   675   18    0   78.57  50.00    11       7          14    0 0 0 0
   676    9    0   85.71  71.43     6       5           7    0 0 0 0
   677   25    0   50.00  40.91    11       9          22    0 0 0 0
   678   17    0   78.57  64.29    11       9          14    0 0 0 0
   679   23    0   70.00  35.00    14       7          20    0 0 0 0
   680   18    0   93.33  66.67    14      10          15    0 0 0 0
   681    8    0   14.29  14.29     1       1           7    0 0 0 0
   682   32    0   48.00  40.00    12      10          25    0 0 0 0
   683    6    0  100.00  50.00     4       2           4    0 0 0 0
   684    3    0  100.00 100.00     1       1           1    0 0 0 0
   685   20    0   76.47  52.94    13       9          17    0 0 0 0
   686    2    0  100.00 100.00     2       2           2    0 0 0 0
   687    9    0   85.71  71.43     6       5           7    0 0 0 0
   688   26    0   65.22  52.17    15      12          23    0 0 0 0
   689   11    0   72.73  72.73     8       8          11    0 0 0 0
   690    7    0   85.71  71.43     6       5           7    0 0 0 0
   691   16    0   80.00  60.00    12       9          15    0 0 0 0
   692   12    0   70.00  60.00     7       6          10    0 0 0 0
   693   11    0   44.44  44.44     4       4           9    0 0 0 0
   694   10    0   87.50  75.00     7       6           8    0 0 0 0
   695    5    0   50.00  25.00     2       1           4    0 0 0 0
   696   19    0   43.75  43.75     7       7          16    0 0 0 0
   697    9    0   66.67  66.67     6       6           9    0 0 0 0
   698    8    0   50.00  50.00     4       4           8    0 0 0 0
   699   15    0   57.14  50.00     8       7          14    0 0 0 0
   700   24    0   78.26  73.91    18      17          23    0 0 0 0
   701   12    0   63.64  45.45     7       5          11    0 0 0 0
   702   10    0   55.56  33.33     5       3           9    0 0 0 0
   703    8    0   37.50  37.50     3       3           8    0 0 0 0
   704   14    0   75.00  58.33     9       7          12    0 0 0 0
   705   10    0   88.89  66.67     8       6           9    0 0 0 0
   706   10    0   88.89  66.67     8       6           9    0 0 0 0
   707    9    0   62.50  50.00     5       4           8    0 0 0 0
   708    8    0   85.71  42.86     6       3           7    0 0 0 0
   709    3    0  100.00  66.67     3       2           3    0 0 0 0
   710    8    0   57.14  42.86     4       3           7    0 0 0 0
   711   17    0   40.00  40.00     6       6          15    0 0 0 0
   712   19    0   82.35  64.71    14      11          17    0 0 0 0
   713   15    0   76.92  53.85    10       7          13    0 0 0 0
   714   11    0   70.00  60.00     7       6          10    0 0 0 0
   715   13    0   75.00  41.67     9       5          12    0 0 0 0
   716    7    0   83.33  50.00     5       3           6    0 0 0 0
   717    6    0   80.00  40.00     4       2           5    0 0 0 0
   718   19    0   66.67  55.56    12      10          18    0 0 0 0
   719    5    0   33.33  33.33     1       1           3    0 0 0 0
   720    8    0  100.00  57.14     7       4           7    0 0 0 0
   721    6    0  100.00 100.00     4       4           4    0 0 0 0
   722   23    0   45.00  20.00     9       4          20    0 0 0 0
   723    9    0  100.00  71.43     7       5           7    0 0 0 0
   724   10    0   16.67  16.67     1       1           6    0 0 0 0
   725    8    0  100.00 100.00     5       5           5    0 0 0 0
   726   10    0  100.00  77.78     9       7           9    0 0 0 0
   727   12    0   66.67  44.44     6       4           9    0 0 0 0
   728   19    0   75.00  75.00    12      12          16    0 0 0 0
   729    9    0   62.50  37.50     5       3           8    0 0 0 0
   730    9    0   87.50  75.00     7       6           8    0 0 0 0
   731   22    0   55.00  30.00    11       6          20    0 0 0 0
   732    9    0   62.50  50.00     5       4           8    0 0 0 0
   733   17    0   93.75  75.00    15      12          16    0 0 0 0
   734   14    0   61.54  46.15     8       6          13    0 0 0 0
   735   16    0   60.00  33.33     9       5          15    0 0 0 0
   736   17    0   46.67  33.33     7       5          15    0 0 0 0
   737    8    0   42.86  28.57     3       2           7    0 0 0 0
   738   16    0   80.00  73.33    12      11          15    0 0 0 0
   739    9    0   77.78  77.78     7       7           9    0 0 0 0
   740    1    0  100.00 100.00     1       1           1    0 0 0 0
   741   14    0  100.00  76.92    13      10          13    0 0 0 0
   742    7    0  100.00  50.00     6       3           6    0 0 0 0
   743   24    0   81.82  68.18    18      15          22    0 0 0 0
   744    4    0  100.00  50.00     2       1           2    0 0 0 0
   745   22    0   84.21  73.68    16      14          19    0 0 0 0
   746   12    0   81.82  63.64     9       7          11    0 0 0 0
   747   22    0   68.42  52.63    13      10          19    0 0 0 0
   748   19    0   58.82  47.06    10       8          17    0 0 0 0
   749    1    0  100.00 100.00     1       1           1    0 0 0 0
   750    1    0  100.00 100.00     1       1           1    0 0 0 0
   751   34    0   80.00  50.00    24      15          30    0 0 0 0
   752    9    0   62.50  50.00     5       4           8    0 0 0 0
   753   18    0   30.77  30.77     4       4          13    0 0 0 0
   754    4    0  100.00  66.67     3       2           3    0 0 0 0
   755   10    0   55.56  44.44     5       4           9    0 0 0 0
   756   12    0   90.91  63.64    10       7          11    0 0 0 0
   757    5    0   80.00  80.00     4       4           5    0 0 0 0
   758   10    0   66.67  55.56     6       5           9    0 0 0 0
   759   27    0   72.73  54.55    16      12          22    0 0 0 0
   760   11    0   80.00  40.00     8       4          10    0 0 0 0
   761   16    0   92.86  71.43    13      10          14    0 0 0 0
   762   24    0   45.45  45.45    10      10          22    0 0 0 0
   763    8    0   85.71  71.43     6       5           7    0 0 0 0
   764   15    0   69.23  46.15     9       6          13    0 0 0 0
   765    7    0   83.33  66.67     5       4           6    0 0 0 0
   766   10    0   80.00  60.00     8       6          10    0 0 0 0
   767   32    0   58.62  41.38    17      12          29    0 0 0 0
   768   15    0   92.31  69.23    12       9          13    0 0 0 0
   769   17    0   80.00  60.00    12       9          15    0 0 0 0
   770   18    0   73.33  60.00    11       9          15    0 0 0 0
   771   10    0   50.00  37.50     4       3           8    0 0 0 0
   772   17    0   42.86  35.71     6       5          14    0 0 0 0
   773   15    0   83.33  41.67    10       5          12    0 0 0 0
   774    4    0  100.00  25.00     4       1           4    0 0 0 0
   775   21    0   90.00  75.00    18      15          20    0 0 0 0
   776   19    0   88.24  58.82    15      10          17    0 0 0 0
   777    6    0   66.67  66.67     4       4           6    0 0 0 0
   778   10    0   87.50  25.00     7       2           8    0 0 0 0
   779    9    0   88.89  66.67     8       6           9    0 0 0 0
   780   14    0   92.31  76.92    12      10          13    0 0 0 0
   781    5    0   75.00  50.00     3       2           4    0 0 0 0
   782    6    0  100.00  50.00     4       2           4    0 0 0 0
   783   18    0   72.22  61.11    13      11          18    0 0 0 0
   784   11    0   80.00  60.00     8       6          10    0 0 0 0
   785   27    0   64.00  52.00    16      13          25    0 0 0 0
   786   16    0   60.00  60.00     9       9          15    0 0 0 0
   787    9    0   57.14  42.86     4       3           7    0 0 0 0
   788   16    0   85.71  57.14    12       8          14    0 0 0 0
   789    6    0   83.33  83.33     5       5           6    0 0 0 0
   790    9    0   62.50  50.00     5       4           8    0 0 0 0
   791   15    0   69.23  30.77     9       4          13    0 0 0 0
   792    7    0  100.00  66.67     6       4           6    0 0 0 0
   793   25    0   42.11  36.84     8       7          19    0 0 0 0
   794   22    0   55.00  50.00    11      10          20    0 0 0 0
   795   16    0   85.71  57.14    12       8          14    0 0 0 0
   796   11    0   80.00  80.00     8       8          10    0 0 0 0
   797   22    0   66.67  61.11    12      11          18    0 0 0 0
   798   15    0   76.92  69.23    10       9          13    0 0 0 0
   799    9    0   28.57  14.29     2       1           7    0 0 0 0
   800   14    0   69.23  61.54     9       8          13    0 0 0 0
   801   27    0   65.22  52.17    15      12          23    0 0 0 0
   802   18    0   94.12  82.35    16      14          17    0 0 0 0
   803   18    0   80.00  73.33    12      11          15    0 0 0 0
   804   11    0   90.00  70.00     9       7          10    0 0 0 0
   805   24    0   90.91  77.27    20      17          22    0 0 0 0
   806   14    0   83.33  58.33    10       7          12    0 0 0 0
   807    5    0  100.00  60.00     5       3           5    0 0 0 0
   808   18    0   73.33  60.00    11       9          15    0 0 0 0
   809    7    0   83.33  50.00     5       3           6    0 0 0 0
   810    8    0   50.00  50.00     3       3           6    0 0 0 0
   811    6    0  100.00  75.00     4       3           4    0 0 0 0
   812   27    0   72.00  48.00    18      12          25    0 0 0 0
   813   14    0   61.54  53.85     8       7          13    0 0 0 0
   814   31    0   70.37  55.56    19      15          27    0 0 0 0
   815   19    0   77.78  72.22    14      13          18    0 0 0 0
   816   15    0   61.54  53.85     8       7          13    0 0 0 0
   817    6    0  100.00  80.00     5       4           5    0 0 0 0
   818   12    0   50.00  10.00     5       1          10    0 0 0 0
   819   11    0   90.00  70.00     9       7          10    0 0 0 0
   820    7    0  100.00 100.00     2       2           2    0 0 0 0
   821   11    0   90.00  80.00     9       8          10    0 0 0 0
   822   12    0   80.00  70.00     8       7          10    0 0 0 0
   823   10    0   77.78  66.67     7       6           9    0 0 0 0
   824   18    0   64.71  52.94    11       9          17    0 0 0 0
   825   11    0   80.00  60.00     8       6          10    0 0 0 0
   826   12    0   55.56  33.33     5       3           9    0 0 0 0
   827   19    0   72.22  66.67    13      12          18    0 0 0 0
   828   22    0   76.19  66.67    16      14          21    0 0 0 0
   829   19    0   62.50  62.50    10      10          16    0 0 0 0
   830   12    0   80.00  70.00     8       7          10    0 0 0 0
   831   22    0   73.68  36.84    14       7          19    0 0 0 0
   832   19    0   66.67  55.56    12      10          18    0 0 0 0
   833   16    0   85.71  57.14    12       8          14    0 0 0 0
   834   17    0   53.33  26.67     8       4          15    0 0 0 0
   835    5    0  100.00 100.00     5       5           5    0 0 0 0
   836   13    0   75.00  66.67     9       8          12    0 0 0 0
   837   25    0   69.57  56.52    16      13          23    0 0 0 0
   838   20    0   66.67  38.89    12       7          18    0 0 0 0
   839   18    0   70.59  64.71    12      11          17    0 0 0 0
   840   33    0   80.00  46.67    24      14          30    0 0 0 0
   841    4    0   75.00  25.00     3       1           4    0 0 0 0
   842   12    0   72.73  72.73     8       8          11    0 0 0 0
   843   12    0   80.00  50.00     8       5          10    0 0 0 0
   844   19    0   55.56  55.56    10      10          18    0 0 0 0
   845   12    0   90.00  70.00     9       7          10    0 0 0 0
   846    6    0   40.00  40.00     2       2           5    0 0 0 0
   847   12    0   45.45  18.18     5       2          11    0 0 0 0
   848   33    0   64.29  60.71    18      17          28    0 0 0 0
   849   14    0   84.62  46.15    11       6          13    0 0 0 0
   850    7    0  100.00  57.14     7       4           7    0 0 0 0
   851    5    0  100.00  50.00     4       2           4    0 0 0 0
   852   11    0   87.50  75.00     7       6           8    0 0 0 0
   853   27    0   54.17  45.83    13      11          24    0 0 0 0
   854   17    0   66.67  66.67    10      10          15    0 0 0 0
   855   10    0   88.89  55.56     8       5           9    0 0 0 0
   856   27    0   40.00  32.00    10       8          25    0 0 0 0
   857   23    0   80.95  66.67    17      14          21    0 0 0 0
   858   23    0   66.67  42.86    14       9          21    0 0 0 0
   859   20    0   64.71  47.06    11       8          17    0 0 0 0
   860   27    0   52.17  39.13    12       9          23    0 0 0 0
   861   21    0   42.11  36.84     8       7          19    0 0 0 0
   862    6    0   80.00  60.00     4       3           5    0 0 0 0
   863   26    0   70.83  58.33    17      14          24    0 0 0 0
   864    2    0  100.00 100.00     1       1           1    0 0 0 0
   865   16    0   92.86  64.29    13       9          14    0 0 0 0
   866   24    0   71.43  52.38    15      11          21    0 0 0 0
   867    6    0  100.00  80.00     5       4           5    0 0 0 0
   868   16    0   73.33  60.00    11       9          15    0 0 0 0
   869    7    0   85.71  71.43     6       5           7    0 0 0 0
   870   13    0   72.73  45.45     8       5          11    0 0 0 0
   871   25    0   54.55  36.36    12       8          22    0 0 0 0
   872    7    0   33.33   0.00     2       0           6    0 0 0 0
   873   21    0   52.94  47.06     9       8          17    0 0 0 0
   874    7    0   83.33  66.67     5       4           6    0 0 0 0
   875   22    0   47.62  28.57    10       6          21    0 0 0 0
   876    5    0  100.00  80.00     5       4           5    0 0 0 0
   877   21    0   68.42  57.89    13      11          19    0 0 0 0
   878   36    0   63.64  51.52    21      17          33    0 0 0 0
   879    7    0  100.00  83.33     6       5           6    0 0 0 0
   880    7    0   85.71  71.43     6       5           7    0 0 0 0
   881   13    0   66.67  41.67     8       5          12    0 0 0 0
   882    9    0  100.00  57.14     7       4           7    0 0 0 0
   883   10    0  100.00  75.00     8       6           8    0 0 0 0
   884    8    0   62.50  62.50     5       5           8    0 0 0 0
   885   17    0   86.67  73.33    13      11          15    0 0 0 0
   886   11    0   70.00  50.00     7       5          10    0 0 0 0
   887   16    0   78.57  71.43    11      10          14    0 0 0 0
   888   14    0   63.64  63.64     7       7          11    0 0 0 0
   889    8    0   42.86  28.57     3       2           7    0 0 0 0
   890    4    0   33.33  33.33     1       1           3    0 0 0 0
   891    6    0  100.00  40.00     5       2           5    0 0 0 0
   892   10    0  100.00  66.67     9       6           9    0 0 0 0
   893   12    0   77.78  66.67     7       6           9    0 0 0 0
   894   14    0   75.00  58.33     9       7          12    0 0 0 0
   895    6    0  100.00  50.00     4       2           4    0 0 0 0
   896   21    0   83.33  77.78    15      14          18    0 0 0 0
   897    7    0   50.00  50.00     3       3           6    0 0 0 0
   898    9    0   87.50  62.50     7       5           8    0 0 0 0
   899    8    0  100.00  57.14     7       4           7    0 0 0 0
   900   15    0   85.71  64.29    12       9          14    0 0 0 0
   901   41    0   72.22  58.33    26      21          36    0 0 0 0
   902   19    0   83.33  77.78    15      14          18    0 0 0 0
   903   12    0  100.00  72.73    11       8          11    0 0 0 0
   904   30    0   57.14  46.43    16      13          28    0 0 0 0
   905   18    0   53.33  40.00     8       6          15    0 0 0 0
   906   20    0   56.25  37.50     9       6          16    0 0 0 0
   907    9    0   62.50  25.00     5       2           8    0 0 0 0
   908   14    0   84.62  69.23    11       9          13    0 0 0 0
   909   15    0   85.71  71.43    12      10          14    0 0 0 0
   910    8    0  100.00  50.00     6       3           6    0 0 0 0
   911    8    0   40.00  20.00     2       1           5    0 0 0 0
   912    8    0   85.71  57.14     6       4           7    0 0 0 0
   913    8    0   71.43  42.86     5       3           7    0 0 0 0
   914   14    0   53.85  30.77     7       4          13    0 0 0 0
   915   23    0   76.19  52.38    16      11          21    0 0 0 0
   916   20    0   66.67  61.11    12      11          18    0 0 0 0
   917    5    0   50.00  50.00     2       2           4    0 0 0 0
   918   22    0   68.42  57.89    13      11          19    0 0 0 0
   919   41    0   68.75  56.25    22      18          32    0 0 0 0
   920   13    0   63.64  63.64     7       7          11    0 0 0 0
   921   28    0   73.91  60.87    17      14          23    0 0 0 0
   922   17    0   80.00  60.00    12       9          15    0 0 0 0
   923    6    0  100.00  75.00     4       3           4    0 0 0 0
   924   13    0   63.64  63.64     7       7          11    0 0 0 0
   925    5    0   25.00  25.00     1       1           4    0 0 0 0
   926   20    0   52.94  35.29     9       6          17    0 0 0 0
   927   25    0   79.17  70.83    19      17          24    0 0 0 0
   928   27    0   56.00  40.00    14      10          25    0 0 0 0
   929    7    0  100.00  83.33     6       5           6    0 0 0 0
   930   13    0   91.67  75.00    11       9          12    0 0 0 0
   931   17    0   53.33  46.67     8       7          15    0 0 0 0
   932   15    0   75.00  33.33     9       4          12    0 0 0 0
   933    3    0  100.00 100.00     2       2           2    0 0 0 0
   934   18    0   92.86  78.57    13      11          14    0 0 0 0
   935   19    0   64.71  58.82    11      10          17    0 0 0 0
   936   22    0   63.16  57.89    12      11          19    0 0 0 0
   937   24    0   68.18  54.55    15      12          22    0 0 0 0
   938    2    0  100.00 100.00     1       1           1    0 0 0 0
   939   14    0   91.67  75.00    11       9          12    0 0 0 0
   940   15    0   92.31  76.92    12      10          13    0 0 0 0
   941   25    0   82.61  60.87    19      14          23    0 0 0 0


  Labeled   attachment score: 5829 / 10786 * 100 = 54.04 %
  Unlabeled attachment score: 7735 / 10786 * 100 = 71.71 %
  Label accuracy score:       6732 / 10786 * 100 = 62.41 %

  ================================================================================

  Evaluation of the results in UD/bg_vsrest-baseline-nowords.conllu
  vs. gold standard Original/bg-UD.conllu:

  Legend: '.S' - the beginning of a sentence, '.E' - the end of a sentence

  Number of non-scoring tokens: 1609

  The overall accuracy and its distribution over CPOSTAGs

  -----------+-------+-------+------+-------+------+-------+-------
  Accuracy   | words | right |   %  | right |   %  | both  |   %
             |       | head  |      |  dep  |      | right |
  -----------+-------+-------+------+-------+------+-------+-------
  total      | 10786 |  7735 |  72% |  6732 |  62% |  5829 |  54%
  -----------+-------+-------+------+-------+------+-------+-------
  NOUN       |  2721 |  1746 |  64% |  1185 |  44% |   942 |  35%
  ADP        |  1750 |  1664 |  95% |  1692 |  97% |  1656 |  95%
  VERB       |  1555 |   963 |  62% |   853 |  55% |   820 |  53%
  ADJ        |  1097 |   915 |  83% |   941 |  86% |   906 |  83%
  PRON       |   780 |   581 |  74% |   193 |  25% |   182 |  23%
  PROPN      |   661 |   260 |  39% |   289 |  44% |   201 |  30%
  ADV        |   532 |   381 |  72% |   430 |  81% |   313 |  59%
  PART       |   360 |   303 |  84% |     0 |   0% |     0 |   0%
  CONJ       |   357 |   178 |  50% |   353 |  99% |   177 |  50%
  PUNCT      |   215 |    74 |  34% |   215 | 100% |    74 |  34%
  DET        |   188 |   169 |  90% |   170 |  90% |   166 |  88%
  AUX        |   173 |   161 |  93% |   169 |  98% |   161 |  93%
  NUM        |   165 |   135 |  82% |   133 |  81% |   127 |  77%
  SCONJ      |   119 |   100 |  84% |   104 |  87% |    99 |  83%
  INTJ       |   113 |   105 |  93% |     5 |   4% |     5 |   4%
  -----------+-------+-------+------+-------+------+-------+-------


  The overall error rate and its distribution over CPOSTAGs

  -----------+-------+-------+------+-------+------+-------+-------
  Error      | words | head  |   %  |  dep  |   %  | both  |   %
  Rate       |       | err   |      |  err  |      | wrong |
  -----------+-------+-------+------+-------+------+-------+-------
  total      | 10786 |  3051 |  28% |  4054 |  38% |  2148 |  20%
  -----------+-------+-------+------+-------+------+-------+-------
  NOUN       |  2721 |   975 |  36% |  1536 |  56% |   732 |  27%
  ADP        |  1750 |    86 |   5% |    58 |   3% |    50 |   3%
  VERB       |  1555 |   592 |  38% |   702 |  45% |   559 |  36%
  ADJ        |  1097 |   182 |  17% |   156 |  14% |   147 |  13%
  PRON       |   780 |   199 |  26% |   587 |  75% |   188 |  24%
  PROPN      |   661 |   401 |  61% |   372 |  56% |   313 |  47%
  ADV        |   532 |   151 |  28% |   102 |  19% |    34 |   6%
  PART       |   360 |    57 |  16% |   360 | 100% |    57 |  16%
  CONJ       |   357 |   179 |  50% |     4 |   1% |     3 |   1%
  PUNCT      |   215 |   141 |  66% |     0 |   0% |     0 |   0%
  DET        |   188 |    19 |  10% |    18 |  10% |    15 |   8%
  AUX        |   173 |    12 |   7% |     4 |   2% |     4 |   2%
  NUM        |   165 |    30 |  18% |    32 |  19% |    24 |  15%
  SCONJ      |   119 |    19 |  16% |    15 |  13% |    14 |  12%
  INTJ       |   113 |     8 |   7% |   108 |  96% |     8 |   7%
  -----------+-------+-------+------+-------+------+-------+-------


  Precision and recall of DEPREL

  ----------------+------+---------+--------+------------+---------------
  deprel          | gold | correct | system | recall (%) | precision (%) 
  ----------------+------+---------+--------+------------+---------------
  acl             |  106 |       0 |      0 |       0.00 |           NaN
  advcl           |  119 |       0 |      0 |       0.00 |           NaN
  advmod          |  437 |     427 |    427 |      97.71 |        100.00
  amod            |  949 |     929 |    929 |      97.89 |        100.00
  appos           |    3 |       0 |      0 |       0.00 |           NaN
  aux             |  459 |     169 |    169 |      36.82 |        100.00
  case            | 1813 |    1690 |   1690 |      93.22 |        100.00
  cc              |  357 |     352 |    352 |      98.60 |        100.00
  ccomp           |  221 |      14 |     14 |       6.33 |        100.00
  conj            |  423 |     111 |    111 |      26.24 |        100.00
  cop             |  220 |       0 |      0 |       0.00 |           NaN
  csubj           |   38 |       0 |      0 |       0.00 |           NaN
  csubjpass       |    2 |       0 |      0 |       0.00 |           NaN
  det             |  170 |     170 |    170 |     100.00 |        100.00
  discourse       |   56 |       5 |      5 |       8.93 |        100.00
  dobj            |  550 |     224 |    224 |      40.73 |        100.00
  dummy           |    0 |       0 |   4054 |        NaN |          0.00
  expl            |  246 |       0 |      0 |       0.00 |           NaN
  iobj            |  257 |       0 |      0 |       0.00 |           NaN
  mark            |  136 |     104 |    104 |      76.47 |        100.00
  mwe             |   75 |       2 |      2 |       2.67 |        100.00
  name            |  103 |       6 |      6 |       5.83 |        100.00
  neg             |  106 |       0 |      0 |       0.00 |           NaN
  nmod            | 1719 |     836 |    836 |      48.63 |        100.00
  nsubj           |  852 |     585 |    585 |      68.66 |        100.00
  nsubjpass       |   80 |       0 |      0 |       0.00 |           NaN
  nummod          |  132 |     131 |    131 |      99.24 |        100.00
  punct           |  215 |     215 |    215 |     100.00 |        100.00
  root            |  941 |     762 |    762 |      80.98 |        100.00
  vocative        |    1 |       0 |      0 |       0.00 |           NaN


  Precision and recall of DEPREL + ATTACHMENT

  ----------------+------+---------+--------+------------+---------------
  deprel          | gold | correct | system | recall (%) | precision (%) 
  ----------------+------+---------+--------+------------+---------------
  acl             |  106 |       0 |      0 |       0.00 |           NaN
  advcl           |  119 |       0 |      0 |       0.00 |           NaN
  advmod          |  437 |     310 |    427 |      70.94 |         72.60
  amod            |  949 |     896 |    929 |      94.42 |         96.45
  appos           |    3 |       0 |      0 |       0.00 |           NaN
  aux             |  459 |     161 |    169 |      35.08 |         95.27
  case            | 1813 |    1654 |   1690 |      91.23 |         97.87
  cc              |  357 |     176 |    352 |      49.30 |         50.00
  ccomp           |  221 |      13 |     14 |       5.88 |         92.86
  conj            |  423 |      79 |    111 |      18.68 |         71.17
  cop             |  220 |       0 |      0 |       0.00 |           NaN
  csubj           |   38 |       0 |      0 |       0.00 |           NaN
  csubjpass       |    2 |       0 |      0 |       0.00 |           NaN
  det             |  170 |     166 |    170 |      97.65 |         97.65
  discourse       |   56 |       5 |      5 |       8.93 |        100.00
  dobj            |  550 |     215 |    224 |      39.09 |         95.98
  dummy           |    0 |       0 |   4054 |        NaN |          0.00
  expl            |  246 |       0 |      0 |       0.00 |           NaN
  iobj            |  257 |       0 |      0 |       0.00 |           NaN
  mark            |  136 |      99 |    104 |      72.79 |         95.19
  mwe             |   75 |       2 |      2 |       2.67 |        100.00
  name            |  103 |       0 |      6 |       0.00 |          0.00
  neg             |  106 |       0 |      0 |       0.00 |           NaN
  nmod            | 1719 |     541 |    836 |      31.47 |         64.71
  nsubj           |  852 |     551 |    585 |      64.67 |         94.19
  nsubjpass       |   80 |       0 |      0 |       0.00 |           NaN
  nummod          |  132 |     125 |    131 |      94.70 |         95.42
  punct           |  215 |      74 |    215 |      34.42 |         34.42
  root            |  941 |     762 |    762 |      80.98 |        100.00
  vocative        |    1 |       0 |      0 |       0.00 |           NaN


  Precision and recall of binned HEAD direction

  ----------------+------+---------+--------+------------+---------------
  direction       | gold | correct | system | recall (%) | precision (%) 
  ----------------+------+---------+--------+------------+---------------
  to_root         |  941 |     762 |    762 |      80.98 |        100.00
  left            | 4281 |    1956 |   1956 |      45.69 |        100.00
  right           | 5564 |    5564 |   8068 |     100.00 |         68.96
  self            |    0 |       0 |      0 |        NaN |           NaN


  Precision and recall of binned HEAD distance

  ----------------+------+---------+--------+------------+---------------
  distance        | gold | correct | system | recall (%) | precision (%) 
  ----------------+------+---------+--------+------------+---------------
  to_root         |  941 |     762 |    762 |      80.98 |        100.00
  1               | 4619 |    3876 |   3876 |      83.91 |        100.00
  2               | 2608 |    1857 |   1857 |      71.20 |        100.00
  3-6             | 2046 |    1060 |   1060 |      51.81 |        100.00
  7-...           |  572 |     572 |   3231 |     100.00 |         17.70


  Frame confusions (gold versus system; *...* marks the head token)

  179  ** root / ** 
  112  case *nmod* nmod / case *nmod* 
   83  *nsubj* nmod / *nsubj* 
   49  *dobj* nmod / *dobj* 
   38  *nmod* name / *nmod* 
   37  case amod *nmod* nmod / case amod *nmod* 
   29  *nmod* nmod / *nmod* 
   28  *mark* mwe / *mark* 
   28  *amod* nmod / *amod* 
   26  nsubj *root* cop / nsubj *root* dummy 
   26  *amod* case / *amod* 
   23  amod *nsubj* nmod / amod *nsubj* 
   22  *conj* nmod / *conj* 
   20  ccomp *root* nsubj / *root* dummy 
   19  *nsubj* acl / *nsubj* 
   18  case *nmod* case / case *nmod* 
   18  case *nmod* nmod nmod / case *nmod* 
   18  case punct *nmod* punct / case punct *nmod* 
   17  *nsubj* case / *nsubj* 
   16  nsubj *root* dobj / nsubj *root* dummy 
   15  amod *dobj* nmod / amod *dobj* 
   15  *dobj* acl / *dobj* 
   15  case *nmod* / *nmod* 
   15  *nsubj* nmod nmod / *nsubj* 
   15  *cop* nmod / *cop* 
   15  nsubj *root* ccomp / nsubj *root* dummy 
   14  *root* ccomp / *root* dummy 
   14  nsubj *root* cop / nsubj *root* 
   14  case *iobj* nmod / case *iobj* 
   13  punct *nmod* punct / *nmod* 
   13  *conj* dobj / *conj* dummy 
   13  *amod* cc conj / *amod* cc 
   12  punct *nmod* punct / punct *nmod* 
   12  *advmod* nmod / *advmod* 
   12  aux *ccomp* / dummy *ccomp* 
   11  case *nmod* cc conj / case *nmod* cc 
   10  *nsubj* name / *nsubj* 
   10  nsubj *root* ccomp / nsubj *root* 
   10  aux *ccomp* dobj / dummy *ccomp* dummy 
    9  cop *root* nsubj / dummy *root* dummy 
    9  advmod *advmod* / *advmod* 
    9  case *nmod* name / case *nmod* 
    9  nsubjpass aux *root* iobj / dummy aux *root* dummy 
    9  *root* ccomp / *root* 
    9  ccomp *root* nsubj / ccomp *root* dummy 
    9  *nsubj* cc conj / *nsubj* cc 
    8  case *nmod* cc conj / case *nmod* cc dummy 
    8  *nsubjpass* nmod / *nsubjpass* 
    8  *dobj* case / *dobj* 
    8  case *nmod* conj cc conj / case *nmod* 
    8  case *nmod* acl / case *nmod* 
    8  aux dobj *ccomp* / dummy dummy *ccomp* 
    7  aux *ccomp* iobj / dummy *ccomp* dummy 
    7  nsubj expl *root* iobj / nsubj dummy *root* dummy 
    7  ccomp *root* nsubj / *root* 
    7  *nsubj* nmod nmod / *nsubj* nmod 
    6  *amod* expl / *amod* 
    6  case amod *nmod* nmod nmod / case amod *nmod* 
    6  *conj* ccomp / *conj* 
    6  nsubj *root* dobj nmod / nsubj *root* dobj dummy 
    6  *root* dobj / *root* dummy 
    5  case *iobj* case / case *iobj* 
    5  case amod *nmod* cc conj / case amod *nmod* cc 
    5  *root* advcl / *root* dummy 
    5  *case* mwe mwe / *case* 
    5  *amod* nmod nmod / *amod* 
    5  nsubj *root* iobj / nsubj *root* dummy 
    5  *nummod* mwe / *nummod* 
    5  case amod *nmod* cc conj / case amod *nmod* cc dummy 
    5  advmod case *nmod* / case *nmod* 
    5  amod *conj* nmod / amod *conj* 
    5  amod *cop* nmod / amod *cop* 
    5  *nmod* advmod / *nmod* 
    5  *nsubj* cc conj / *nsubj* cc dummy 
    5  nsubj *root* cop / *root* dummy 
    5  aux expl *ccomp* iobj / dummy dummy *ccomp* dummy 


  5 focus words where most of the errors occur:

                 | any  | head | dep  | both
  ---------------+------+------+------+------
   / PRON      |  211 |   22 |  211 |   22
   / PART      |  198 |   17 |  198 |   17
   / CONJ       |  148 |  147 |    4 |    3
  &quot; / PUNCT |  141 |  141 |    0 |    0
   / INTJ      |   97 |    7 |   97 |    7
  ---------------+------+------+------+------


  one-token preceeding contexts where most of the errors occur:

  CPOS     | any  | head | dep  | both  ||  word                   | any  | head | dep  | both
  ---------+------+------+------+-------++-------------------------+------+------+------+-----
  ADP      |  852 |  563 |  698 |  409  ||  , / PUNCT              |  253 |  202 |  170 |  119
  VERB     |  636 |  272 |  532 |  168  ||   / ADP               |  229 |  204 |  173 |  148
  ADJ      |  602 |  354 |  506 |  258  ||   / PART              |  183 |   73 |  181 |   71
  ---------+------+------+------+-------++-------------------------+------+------+------+-----


  two-token preceeding contexts where most of the errors occur:

  CPOS     | any  | head | dep  | both  ||  word                   | any  | head | dep  | both
  ---------+------+------+------+-------++-------------------------+------+------+------+-----
  NOUN+ADP |  373 |  354 |  269 |  250  ||   / PART +  / PRON  |   33 |   20 |   33 |   20
  ADP+ADJ  |  274 |  197 |  210 |  133  ||  , / PUNCT +  / SCONJ |   33 |   10 |   30 |    7
  .S+.S    |  214 |  132 |  166 |   84  ||  .S + - / PUNCT         |   21 |    7 |   21 |    7
           |      |      |      |       ||  .S +  / ADP           |   21 |    5 |   21 |    5
  ---------+------+------+------+-------++-------------------------+------+------+------+-----


  one-token following contexts where most of the errors occur:

  CPOS     | any  | head | dep  | both  ||  word                   | any  | head | dep  | both
  ---------+------+------+------+-------++-------------------------+------+------+------+-----
  PUNCT    | 1084 |  636 |  853 |  405  ||  . / PUNCT              |  512 |  257 |  403 |  148
  ADP      | 1034 |  690 |  806 |  462  ||   / ADP               |  406 |  232 |  339 |  165
  VERB     |  802 |  199 |  765 |  162  ||  , / PUNCT              |  382 |  248 |  313 |  179
  ---------+------+------+------+-------++-------------------------+------+------+------+-----


  two-token following contexts where most of the errors occur:

  CPOS     | any  | head | dep  | both  ||  word                   | any  | head | dep  | both
  ---------+------+------+------+-------++-------------------------+------+------+------+-----
  PUNCT+.E |  554 |  276 |  437 |  159  ||  . / PUNCT + .E         |  510 |  257 |  401 |  148
  ADP+NOUN |  498 |  332 |  412 |  246  ||  , / PUNCT +  / SCONJ |   35 |   24 |   32 |   21
  ADP+ADJ  |  264 |  173 |  208 |  117  ||  ? / PUNCT + .E         |   22 |    8 |   20 |    6
  ---------+------+------+------+-------++-------------------------+------+------+------+-----


  Sentence with the highest number of word errors:
   Sentence 295 line 3577, 18 head errors, 18 dependency errors, 26 word errors


  Sentence with the highest number of head errors:
   Sentence 295 line 3577, 18 head errors, 18 dependency errors, 26 word errors


  Sentence with the highest number of dependency errors:
   Sentence 295 line 3577, 18 head errors, 18 dependency errors, 26 word errors


  Specific errors, 10 most frequent errors:
  =========================================

   1. correct head (after the focus word), dependency "dummy" instead of "aux" : 283 times
  ------+------+-------+------+-------+------+------
    Before     |    Focus     |   After      | Count
  CPOS    word | CPOS    word | CPOS    word |
  ------+------+-------+------+-------+------+------
        |      | PART  |      |       |      | 283
        |      | PART  |    |       |      | 181
        |      | PART  |      | VERB  |      | 167
  VERB  |      | PART  |      |       |      | 114
  VERB  |      | PART  |    |       |      | 113
        |      | PART  |    | VERB  |      | 102
        |      | PART  |    |       |      |  91
        |      | PART  |      | PRON  |      |  85
  ------+------+-------+------+-------+------+------

   2. correct head (after the focus word), dependency "dummy" instead of "expl" : 206 times
  ------+------+-------+------+-------+------+------
    Before     |    Focus     |   After      | Count
  CPOS    word | CPOS    word | CPOS    word |
  ------+------+-------+------+-------+------+------
        |      | PRON  |      |       |      | 206
        |      | PRON  |      | VERB  |      | 202
        |      | PRON  |    |       |      | 178
        |      | PRON  |    | VERB  |      | 176
  PART  |      | PRON  |      | VERB  |      |  60
  PART  |      | PRON  |    | VERB  |      |  52
  NOUN  |      | PRON  |      |       |      |  45
  NOUN  |      | PRON  |    |       |      |  43
  NOUN  |      | PRON  |      | VERB  |      |  43
  ------+------+-------+------+-------+------+------

   3. head is the focus word instead of 0, dependency "dummy" instead of "root" : 179 times
  ------+------+-------+------+-------+------+------
    Before     |    Focus     |   After      | Count
  CPOS    word | CPOS    word | CPOS    word |
  ------+------+-------+------+-------+------+------
        |      | VERB  |      |       |      | 162
        |      |       |      | ADJ   |      |  43
  PRON  |      |       |      |       |      |  43
        |      | VERB  |      | ADJ   |      |  42
  PRON  |      | VERB  |      |       |      |  42
        |      | VERB  |     |       |      |  37
  PUNCT |      |       |      |       |      |  29
        |      | VERB  |      | ADP   |      |  29
  ------+------+-------+------+-------+------+------

   4. correct head (before the focus word), dependency "dummy" instead of "iobj" : 175 times
  ------+------+-------+------+-------+------+------
    Before     |    Focus     |   After      | Count
  CPOS    word | CPOS    word | CPOS    word |
  ------+------+-------+------+-------+------+------
        |      | NOUN  |      |       |      | 149
  ADP   |      |       |      |       |      | 113
        |      |       |      | PUNCT |      |  91
  ADP   |      | NOUN  |      |       |      |  91
        |      | NOUN  |      | PUNCT |      |  74
        |      |       |      | ADP   |      |  55
  ADP   |      |       |      | PUNCT |      |  53
  ------+------+-------+------+-------+------+------

   5. correct head (before the focus word), dependency "dummy" instead of "dobj" : 158 times
  ------+------+-------+------+-------+------+------
    Before     |    Focus     |   After      | Count
  CPOS    word | CPOS    word | CPOS    word |
  ------+------+-------+------+-------+------+------
        |      | NOUN  |      |       |      | 136
        |      |       |      | PUNCT |      | 103
  VERB  |      |       |      |       |      |  88
        |      | NOUN  |      | PUNCT |      |  88
        |      |       |      | PUNCT | .    |  84
        |      | NOUN  |      | PUNCT | .    |  75
  VERB  |      | NOUN  |      |       |      |  74
  ------+------+-------+------+-------+------+------

   6. correct head (after the focus word), dependency "dummy" instead of "nmod" : 150 times
  ------+------+-------+------+-------+------+------
    Before     |    Focus     |   After      | Count
  CPOS    word | CPOS    word | CPOS    word |
  ------+------+-------+------+-------+------+------
        |      | NOUN  |      |       |      | 111
  ADP   |      |       |      |       |      |  81
  ADP   |      | NOUN  |      |       |      |  44
        |      |       |      | VERB  |      |  30
  ADJ   |      |       |      |       |      |  28
        |      |       |      | PRON  |      |  27
  ADJ   |      | NOUN  |      |       |      |  27
  ------+------+-------+------+-------+------+------

   7. correct head (before the focus word), dependency "dummy" instead of "nsubj" : 136 times
  ------+------+-------+------+-------+------+------
    Before     |    Focus     |   After      | Count
  CPOS    word | CPOS    word | CPOS    word |
  ------+------+-------+------+-------+------+------
        |      | NOUN  |      |       |      | 109
  VERB  |      |       |      |       |      |  85
        |      |       |      | PUNCT |      |  70
  VERB  |      | NOUN  |      |       |      |  62
        |      |       |      | ADP   |      |  58
        |      | NOUN  |      | ADP   |      |  57
        |      | NOUN  |      | PUNCT |      |  45
  ------+------+-------+------+-------+------+------

   8. correct head (before the focus word), dependency "dummy" instead of "cop" : 112 times
  ------+------+-------+------+-------+------+------
    Before     |    Focus     |   After      | Count
  CPOS    word | CPOS    word | CPOS    word |
  ------+------+-------+------+-------+------+------
        |      | NOUN  |      |       |      |  92
        |      |       |      | ADP   |      |  50
        |      | NOUN  |      | ADP   |      |  48
        |      |       |      | PUNCT |      |  47
  VERB  |      |       |      |       |      |  43
  ADJ   |      | NOUN  |      |       |      |  38
  VERB  |      | NOUN  |      |       |      |  31
  ------+------+-------+------+-------+------+------

   9. correct head (after the focus word), dependency "dummy" instead of "neg" : 101 times
  ------+------+-------+------+-------+------+------
    Before     |    Focus     |   After      | Count
  CPOS    word | CPOS    word | CPOS    word |
  ------+------+-------+------+-------+------+------
        |      | INTJ  |      |       |      | 100
        |      | INTJ  |    |       |      |  90
        |      | INTJ  |      | VERB  |      |  68
        |      | INTJ  |    | VERB  |      |  60
  NOUN  |      | INTJ  |    |       |      |  23
  PRON  |      | INTJ  |    |       |      |  21
        |      | INTJ  |    | AUX   |      |  18
  ------+------+-------+------+-------+------+------

  10. correct head (before the focus word), dependency "dummy" instead of "nmod" : 96 times
  ------+------+-------+------+-------+------+------
    Before     |    Focus     |   After      | Count
  CPOS    word | CPOS    word | CPOS    word |
  ------+------+-------+------+-------+------+------
        |      | NOUN  |      |       |      |  85
        |      | NOUN  |      | ADP   |      |  53
  ADP   |      |       |      |       |      |  52
  ADP   |      | NOUN  |      |       |      |  48
  ADP   |      | NOUN  |      | ADP   |      |  36
        |      | NOUN  |      | ADP   |    |  30
        |      |       |      | PUNCT |      |  26
  ------+------+-------+------+-------+------+------


  Local contexts involved in several frequent errors:
  ===================================================


  ------+------+-------+------+-------+------
    Before     |    Focus     |   After      
  CPOS    word | CPOS    word | CPOS    word 
  ------+------+-------+------+-------+------
        |      | NOUN  |      |       |      
  ------+------+-------+------+-------+------
   4. correct head (before the focus word), dependency "dummy" instead of "iobj" : 149 times
   5. correct head (before the focus word), dependency "dummy" instead of "dobj" : 136 times
   6. correct head (after the focus word), dependency "dummy" instead of "nmod" : 111 times
   7. correct head (before the focus word), dependency "dummy" instead of "nsubj" : 109 times
   8. correct head (before the focus word), dependency "dummy" instead of "cop" : 92 times
  10. correct head (before the focus word), dependency "dummy" instead of "nmod" : 85 times

  ------+------+-------+------+-------+------
    Before     |    Focus     |   After      
  CPOS    word | CPOS    word | CPOS    word 
  ------+------+-------+------+-------+------
        |      |       |      | PUNCT |      
  ------+------+-------+------+-------+------
   5. correct head (before the focus word), dependency "dummy" instead of "dobj" : 103 times
   4. correct head (before the focus word), dependency "dummy" instead of "iobj" : 91 times
   7. correct head (before the focus word), dependency "dummy" instead of "nsubj" : 70 times
   8. correct head (before the focus word), dependency "dummy" instead of "cop" : 47 times
  10. correct head (before the focus word), dependency "dummy" instead of "nmod" : 26 times

  ------+------+-------+------+-------+------
    Before     |    Focus     |   After      
  CPOS    word | CPOS    word | CPOS    word 
  ------+------+-------+------+-------+------
  VERB  |      |       |      |       |      
  ------+------+-------+------+-------+------
   5. correct head (before the focus word), dependency "dummy" instead of "dobj" : 88 times
   7. correct head (before the focus word), dependency "dummy" instead of "nsubj" : 85 times
   8. correct head (before the focus word), dependency "dummy" instead of "cop" : 43 times

  ------+------+-------+------+-------+------
    Before     |    Focus     |   After      
  CPOS    word | CPOS    word | CPOS    word 
  ------+------+-------+------+-------+------
  ADP   |      | NOUN  |      |       |      
  ------+------+-------+------+-------+------
   4. correct head (before the focus word), dependency "dummy" instead of "iobj" : 91 times
  10. correct head (before the focus word), dependency "dummy" instead of "nmod" : 48 times
   6. correct head (after the focus word), dependency "dummy" instead of "nmod" : 44 times

  ------+------+-------+------+-------+------
    Before     |    Focus     |   After      
  CPOS    word | CPOS    word | CPOS    word 
  ------+------+-------+------+-------+------
        |      | NOUN  |      | ADP   |      
  ------+------+-------+------+-------+------
   7. correct head (before the focus word), dependency "dummy" instead of "nsubj" : 57 times
  10. correct head (before the focus word), dependency "dummy" instead of "nmod" : 53 times
   8. correct head (before the focus word), dependency "dummy" instead of "cop" : 48 times

  ------+------+-------+------+-------+------
    Before     |    Focus     |   After      
  CPOS    word | CPOS    word | CPOS    word 
  ------+------+-------+------+-------+------
        |      |       |      | ADP   |      
  ------+------+-------+------+-------+------
   7. correct head (before the focus word), dependency "dummy" instead of "nsubj" : 58 times
   4. correct head (before the focus word), dependency "dummy" instead of "iobj" : 55 times
   8. correct head (before the focus word), dependency "dummy" instead of "cop" : 50 times

  ------+------+-------+------+-------+------
    Before     |    Focus     |   After      
  CPOS    word | CPOS    word | CPOS    word 
  ------+------+-------+------+-------+------
  ADP   |      |       |      |       |      
  ------+------+-------+------+-------+------
   4. correct head (before the focus word), dependency "dummy" instead of "iobj" : 113 times
   6. correct head (after the focus word), dependency "dummy" instead of "nmod" : 81 times
  10. correct head (before the focus word), dependency "dummy" instead of "nmod" : 52 times

  ------+------+-------+------+-------+------
    Before     |    Focus     |   After      
  CPOS    word | CPOS    word | CPOS    word 
  ------+------+-------+------+-------+------
  VERB  |      | NOUN  |      |       |      
  ------+------+-------+------+-------+------
   5. correct head (before the focus word), dependency "dummy" instead of "dobj" : 74 times
   7. correct head (before the focus word), dependency "dummy" instead of "nsubj" : 62 times
   8. correct head (before the focus word), dependency "dummy" instead of "cop" : 31 times

  ------+------+-------+------+-------+------
    Before     |    Focus     |   After      
  CPOS    word | CPOS    word | CPOS    word 
  ------+------+-------+------+-------+------
        |      | NOUN  |      | PUNCT |      
  ------+------+-------+------+-------+------
   5. correct head (before the focus word), dependency "dummy" instead of "dobj" : 88 times
   4. correct head (before the focus word), dependency "dummy" instead of "iobj" : 74 times
   7. correct head (before the focus word), dependency "dummy" instead of "nsubj" : 45 times

  ------+------+-------+------+-------+------
    Before     |    Focus     |   After      
  CPOS    word | CPOS    word | CPOS    word 
  ------+------+-------+------+-------+------
  ADJ   |      | NOUN  |      |       |      
  ------+------+-------+------+-------+------
   8. correct head (before the focus word), dependency "dummy" instead of "cop" : 38 times
   6. correct head (after the focus word), dependency "dummy" instead of "nmod" : 27 times

